features__attributes__county_nam,features__attributes__fhwa_numbe,features__attributes__FIPS,features__attributes__positive,features__attributes__negative,features__attributes__pending,features__attributes__lab_prvt,features__attributes__lab_pub,features__attributes__Recoveries,features__attributes__deaths,features__attributes__total_tests,features__attributes__lcase_name,features__attributes__pos_range,features__attributes__neg_range,features__attributes__border_report,features__attributes__active_cases,features__attributes__POP_5YR_EST_2018,features__attributes__confirmed_pos,features__attributes__probable_pos,features__attributes__confirmed_neg,features__attributes__probable_neg,features__attributes__confirmed_recov,features__attributes__probable_recov,features__attributes__confirmed_death,features__attributes__probable_death,features__attributes__confirmed_active,features__attributes__probable_active,features__attributes__pcr_test,features__attributes__antigen_test,features__attributes__pcr_pos_test,features__attributes__pcr_neg_test,features__attributes__antigen_pos_test,features__attributes__antigen_neg_test,features__attributes__total_pos_test,features__attributes__total_neg_test,features__attributes__Shape__Area,features__attributes__Shape__Length,fields__length
Howard,61,61,658,4654,0,3952,1360,579,14,5318,howard,658,4654,Not Applicable,65,13389,576,82,4277,377,515,64,14,0,47,18,4853,465,576,4277,88,377,664,4654,1541631053,247879.8235,50
Pulaski,119,119,12863,183340,0,151334,44947,11670,226,196364,pulaski,12863,183340,Not Applicable,965,393463,12122,741,176580,6760,11057,613,212,14,851,114,188702,7662,12122,176580,902,6760,13024,183340,2089380948,284069.0846,
Lonoke,85,85,1951,29966,0,23984,7935,1716,34,32007,lonoke,1951,29966,Not Applicable,201,72206,1573,378,26475,3491,1408,308,32,2,133,68,28048,3959,1573,26475,468,3491,2041,29966,2079903589,246137.9115,50
Prairie,117,117,266,3266,0,2821,712,206,5,3544,prairie,266,3266,Not Applicable,55,8244,227,39,2923,343,185,21,5,0,37,18,3150,394,227,2923,51,343,278,3266,1748665963,269110.4452,
Desha,41,41,447,5235,0,4820,869,388,8,5691,desha,447,5235,https://bit.ly/2T74BCM,51,11887,415,32,5016,219,373,15,7,1,35,16,5431,260,415,5016,41,219,456,5235,2100180171,393743.7858,
Phillips,107,107,795,9050,0,6874,2971,731,16,9864,phillips,795,9050,https://bit.ly/2T74BCM,48,19034,773,22,8877,173,712,19,16,0,45,3,9650,214,773,8877,41,173,814,9050,1885264368,280421.0166,
Searcy,129,129,225,3378,0,3148,455,201,1,3602,searcy,225,3378,Not Applicable,23,7923,205,20,3108,270,188,13,1,0,16,7,3313,289,205,3108,19,270,224,3378,1729575196,184103.8395,
Independence,63,63,1573,15804,0,14901,2476,1443,62,17400,independence,1573,15804,Not Applicable,68,37264,1274,299,15265,539,1183,260,55,7,36,32,16539,861,1274,15265,322,539,1596,15804,1997479704,228003.5801,
Jackson,67,67,968,10237,0,3246,7959,689,6,11247,jackson,968,10237,Not Applicable,273,17225,747,221,10127,110,500,189,5,1,242,31,10874,373,747,10127,263,110,1010,10237,1661121960,241190.8086,
Mississippi,93,93,2511,15375,0,13479,4410,2199,70,17880,mississippi,2511,15375,https://bit.ly/2T74BCM,241,42831,2360,151,14843,532,2103,96,57,13,199,42,17203,677,2360,14843,145,532,2505,15375,2397434695,293377.9244,
Greene,55,55,1793,21050,0,19761,3082,1472,21,22872,greene,1793,21050,https://bit.ly/2T74BCM,300,44623,1562,231,19592,1458,1338,134,19,2,205,95,21154,1718,1562,19592,260,1458,1822,21050,1501198852,195400.8507,
Clay,21,21,544,6911,0,6750,705,469,15,7462,clay,544,6911,https://bit.ly/2T74BCM,59,15061,486,58,5905,1006,433,36,13,2,39,20,6391,1071,486,5905,65,1006,551,6911,1662039088,230200.8397,50
Randolph,121,121,718,7370,0,6780,1308,633,26,8105,randolph,718,7370,https://bit.ly/2T74BCM,59,17603,560,158,6762,608,498,135,20,6,42,17,7322,783,560,6762,175,608,735,7370,1698810411,217781.913,50
Lawrence,75,75,926,6542,0,6330,1138,808,22,7479,lawrence,926,6542,Not Applicable,96,16669,813,113,6299,243,721,87,22,0,70,26,7112,367,813,6299,124,243,937,6542,1533933453,208244.7924,50
Baxter,5,5,848,7397,0,5833,2414,692,12,8254,baxter,848,7397,https://bit.ly/2T74BCM,144,41219,686,162,6771,626,573,119,12,0,101,43,7457,797,686,6771,171,626,857,7397,1518457528,214376.0717,255
Marion,89,89,203,3889,0,3225,867,150,2,4096,marion,203,3889,https://bit.ly/2T74BCM,51,16438,171,32,3620,269,135,15,1,1,35,16,3791,305,171,3620,36,269,207,3889,1657005317,213041.3185,
Perry,105,105,168,4927,0,3249,1848,135,2,5100,perry,168,4927,Not Applicable,31,10322,154,14,4751,176,127,8,2,0,25,6,4905,195,154,4751,19,176,173,4927,1450824198,235691.992,
Jefferson,69,69,4416,42338,0,25857,20900,4035,102,46845,jefferson,4416,42338,Not Applicable,277,70424,4257,159,41544,794,3924,111,97,5,234,43,45801,1044,4257,41544,250,794,4507,42338,2370994331,284256.3496,
Washington,143,143,12191,104459,0,98897,17765,11336,159,116769,washington,12191,104459,https://bit.ly/2T74BCM,695,228529,10861,1330,97887,6572,10233,1103,141,18,487,208,108748,8021,10861,97887,1449,6572,12310,104459,2465023834,227692.7397,
Crawford,33,33,2291,29961,0,28206,4050,2008,31,32256,crawford,2291,29961,https://bit.ly/2T74BCM,252,62472,2143,148,29469,492,1904,104,29,2,210,42,31612,644,2143,29469,152,492,2295,29961,1565525966,218076.5686,
Little River,81,81,507,2470,0,2471,506,434,37,2973,little river,507,2470,https://bit.ly/2T74BCM,36,12417,449,58,2372,98,395,39,32,5,22,14,2821,152,449,2372,54,98,503,2470,1458314114,321191.7141,
Miller,91,91,1729,9159,0,7441,3447,1475,22,10918,miller,1729,9159,https://bit.ly/2T74BCM,232,43759,1380,349,8886,273,1207,268,16,6,157,75,10266,652,1380,8886,379,273,1759,9159,1651886724,278617.0229,
Lafayette,73,73,214,1575,0,1346,443,176,3,1795,lafayette,214,1575,https://bit.ly/2T74BCM,35,6915,182,32,1524,51,155,21,3,0,24,11,1706,89,182,1524,38,51,220,1575,1413353783,240091.9904,
Columbia,27,27,777,7642,0,6319,2100,684,22,8441,columbia,777,7642,https://bit.ly/2T74BCM,71,23892,646,131,7002,640,586,98,22,0,38,33,7648,793,646,7002,153,640,799,7642,1984584461,189842.9835,
Union,139,139,1234,12541,0,11216,2594,1118,52,13793,union,1234,12541,https://bit.ly/2T74BCM,64,39732,1088,146,11232,1309,994,124,46,6,48,16,12320,1473,1088,11232,164,1309,1252,12541,2731252909,302655.9319,
Ashley,3,3,594,6881,0,6507,968,519,13,7482,ashley,594,6881,https://bit.ly/2T74BCM,62,20537,562,32,6629,252,492,27,13,0,57,5,7191,291,562,6629,39,252,601,6881,2434449439,238029.5184,
Chicot,17,17,1059,6125,0,5103,2081,1024,23,7189,chicot,1059,6125,https://bit.ly/2T74BCM,12,10826,1042,17,5851,274,1009,15,22,1,11,1,6893,296,1042,5851,22,274,1064,6125,1788307859,280731.9062,
Benton,7,7,9060,93884,0,91482,11467,8102,127,103037,benton,9060,93884,https://bit.ly/2T74BCM,830,258980,8155,905,91178,2706,7443,659,110,17,601,229,99333,3704,8155,91178,998,2706,9153,93884,2289858796,259063.7941,
Carroll,15,15,1070,9524,0,7257,3338,989,19,10603,carroll,1070,9524,https://bit.ly/2T74BCM,62,27887,1019,51,9413,111,945,44,19,0,55,7,10432,171,1019,9413,60,111,1079,9524,1653084715,212425.4468,
Madison,87,87,458,5673,0,5538,595,423,6,6136,madison,458,5673,Not Applicable,29,16076,426,32,5472,201,393,30,6,0,27,2,5898,238,426,5472,37,201,463,5673,2166601172,215220.1423,
Sebastian,131,131,5297,66594,0,66791,5100,4737,105,71911,sebastian,5297,66594,https://bit.ly/2T74BCM,453,127461,4999,298,65843,751,4537,200,97,8,363,90,70842,1069,4999,65843,318,751,5317,66594,1411978553,217534.8996,
Polk,113,113,410,5930,0,4809,1531,352,5,6344,polk,410,5930,https://bit.ly/2T74BCM,53,20163,383,27,5798,132,344,8,5,0,34,19,6181,163,383,5798,31,132,414,5930,2230612446,218300.9017,
Sevier,133,133,1478,7819,0,8509,788,1348,16,9307,sevier,1478,7819,https://bit.ly/2T74BCM,114,17193,1291,187,7312,507,1229,119,16,0,46,68,8603,704,1291,7312,197,507,1488,7819,1504881480,254407.217,
Garland,51,51,2748,42286,0,32443,12592,2398,76,45057,garland,2748,42286,Not Applicable,274,98296,2606,142,41103,1183,2313,85,71,5,222,52,43709,1348,2606,41103,165,1183,2771,42286,1900949403,198708.7968,
Saline,125,125,3229,44371,0,37582,10029,2829,39,47666,saline,3229,44371,Not Applicable,360,118009,2867,362,41074,3297,2578,251,37,2,251,109,43941,3725,2867,41074,428,3297,3295,44371,1890391626,259324.4502,
Franklin,47,47,595,9331,0,8056,1870,525,2,9943,franklin,595,9331,Not Applicable,68,17780,540,55,9121,210,484,41,2,0,54,14,9661,282,540,9121,72,210,612,9331,1604366855,221024.2209,
Scott,127,127,249,4727,0,4374,602,204,2,4977,scott,249,4727,https://bit.ly/2T74BCM,43,10442,221,28,4635,92,192,12,2,0,27,16,4856,121,221,4635,29,92,250,4727,2325588371,235654.492,
Logan,83,83,625,10651,0,9121,2155,594,5,11284,logan,625,10651,Not Applicable,26,21757,599,26,10121,530,575,19,5,0,19,7,10720,564,599,10121,34,530,633,10651,1893020843,260765.966,
Yell,149,149,1384,14371,0,14125,1630,1315,32,15754,yell,1384,14371,Not Applicable,37,21573,1365,19,14151,220,1303,12,29,3,33,4,15516,238,1365,14151,18,220,1383,14371,2456264852,285291.0725,
Montgomery,97,97,195,3032,0,2145,1082,179,8,3227,montgomery,195,3032,Not Applicable,8,8993,191,4,2723,309,175,4,8,0,8,0,2914,313,191,2723,4,309,195,3032,2072865932,187272.0306,
Pike,109,109,287,3008,0,2721,574,270,1,3295,pike,287,3008,Not Applicable,16,10808,273,14,2837,171,258,12,0,1,15,1,3110,185,273,2837,14,171,287,3008,1588931950,227895.8304,
Hempstead,57,57,635,7191,0,5980,1846,553,5,7840,hempstead,635,7191,Not Applicable,77,22018,558,77,6956,235,499,54,5,0,54,23,7514,326,558,6956,91,235,649,7191,1918024030,254684.6117,
Drew,43,43,464,7992,0,7181,1275,419,7,8461,drew,464,7992,Not Applicable,38,18502,432,32,7275,717,397,22,6,1,29,9,7707,754,432,7275,37,717,469,7992,2164050281,194673.142,
Bradley,11,11,380,4779,0,3681,1478,361,8,5160,bradley,380,4779,Not Applicable,11,10948,366,14,4121,658,354,7,7,1,5,6,4487,673,366,4121,15,658,381,4779,1689743160,251246.7515,
Calhoun,13,13,71,2036,0,1857,250,53,0,2107,calhoun,71,2036,Not Applicable,18,5202,63,8,1986,50,50,3,0,0,13,5,2049,58,63,1986,8,50,71,2036,1636688782,257923.6842,
Ouachita,103,103,418,7794,0,6984,1228,367,9,8224,ouachita,418,7794,Not Applicable,41,24106,396,22,7530,264,346,21,9,0,40,1,7926,298,396,7530,34,264,430,7794,1914451452,288817.2228,
Nevada,99,99,351,4991,0,4104,1238,297,14,5341,nevada,351,4991,Not Applicable,40,8440,319,32,4864,127,271,26,13,1,35,5,5183,158,319,4864,31,127,350,4991,1606223502,203918.6023,
Clark,19,19,564,9924,0,8984,1504,493,6,10506,clark,564,9924,Not Applicable,65,22385,496,68,8957,967,450,43,6,0,40,25,9453,1053,496,8957,86,967,582,9924,2285025129,305327.4047,
Dallas,39,39,192,2876,0,2361,707,181,6,3068,dallas,192,2876,Not Applicable,5,7432,188,4,2801,75,178,3,6,0,4,1,2989,79,188,2801,4,75,192,2876,1728752981,248335.5817,
Cleveland,25,25,274,4001,0,2475,1800,219,13,4280,cleveland,274,4001,Not Applicable,42,8226,242,32,3863,138,202,17,12,1,28,14,4105,175,242,3863,37,138,279,4001,1550112202,191785.2785,
Lincoln,79,79,2351,9903,0,4874,7380,2287,18,12264,lincoln,2351,9903,Not Applicable,46,13695,2325,26,9762,141,2264,23,17,1,44,2,12087,177,2325,9762,36,141,2361,9903,1475144651,200391.1933,
Arkansas,1,1,760,9738,0,8738,1762,643,20,10532,arkansas,760,9738,Not Applicable,97,18124,649,111,8031,1707,555,88,20,0,74,23,8680,1852,649,8031,145,1707,794,9738,2689458657,337890.8217,
Grant,53,53,400,7303,0,6173,1531,360,4,7712,grant,400,7303,Not Applicable,36,18086,364,36,6768,535,328,32,4,0,32,4,7132,580,364,6768,45,535,409,7303,1638299261,192015.4316,
Monroe,95,95,244,3258,0,2896,606,207,2,3505,monroe,244,3258,Not Applicable,35,7249,229,15,3183,75,195,12,2,0,32,3,3412,93,229,3183,18,75,247,3258,1608814699,246946.0682,
Lee,77,77,1116,5141,0,3901,2357,1089,18,6260,lee,1116,5141,https://bit.ly/2T74BCM,9,9398,1110,6,5095,46,1085,4,17,1,8,1,6205,55,1110,5095,9,46,1119,5141,1615973757,249884.0358,
Hot Spring,59,59,2361,18982,0,12607,8737,2157,38,21353,hot spring,2361,18982,Not Applicable,166,33520,2324,37,18250,732,2132,25,36,2,156,10,20574,779,2324,18250,47,732,2371,18982,1610166632,219757.2806,
St. Francis,123,123,1818,14869,0,13360,3327,1692,10,16691,saint francis,1818,14869,Not Applicable,116,26294,1787,31,14749,120,1671,21,10,0,106,10,16536,155,1787,14749,35,120,1822,14869,1664523033,200638.765,
Crittenden,35,35,2614,17956,0,17874,2696,2335,53,20575,crittenden,2614,17956,https://bit.ly/2T74BCM,225,49013,2512,102,17647,309,2270,65,46,7,195,30,20159,416,2512,17647,107,309,2619,17956,1653092887,250119.0718,
Cross,37,37,629,6825,0,6458,996,563,23,7454,cross,629,6825,Not Applicable,43,16998,562,67,6576,249,507,56,21,2,34,9,7138,316,562,6576,67,249,629,6825,1612034657,165977.2085,
Woodruff,147,147,147,2472,0,2197,422,116,0,2623,woodruff,147,2472,Not Applicable,31,6660,128,19,2382,90,102,14,0,0,26,5,2510,113,128,2382,23,90,151,2472,1538509114,261925.2861,
White,145,145,1798,24013,0,18519,7292,1466,37,25856,white,1798,24013,Not Applicable,295,78804,1495,303,21575,2438,1237,229,32,5,226,69,23070,2786,1495,21575,348,2438,1843,24013,2697526482,339075.6021,
Faulkner,45,45,3648,53369,0,44459,12562,3333,42,57064,faulkner,3648,53369,Not Applicable,273,122416,3345,303,50466,2903,3104,229,36,6,205,68,53811,3253,3345,50466,350,2903,3695,53369,1719292673,220407.9906,
Conway,29,29,382,8642,0,6937,2087,343,4,9024,conway,382,8642,Not Applicable,35,20906,356,26,8272,370,320,23,4,0,32,3,8628,396,356,8272,26,370,382,8642,1466018646,208726.8331,
Newton,101,101,332,2756,0,2395,693,286,21,3082,newton,332,2756,Not Applicable,25,7848,303,29,2251,505,267,19,18,3,18,7,2554,528,303,2251,23,505,326,2756,2130867829,197624.4003,
Pope,115,115,2924,31659,0,30714,3870,2687,38,34592,pope,2924,31659,Not Applicable,199,63644,2711,213,30826,833,2544,143,34,4,133,66,33537,1055,2711,30826,222,833,2933,31659,2147891753,215833.1414,
Johnson,71,71,1075,10904,0,8860,3119,1016,9,11986,johnson,1075,10904,Not Applicable,50,26291,1027,48,10608,296,982,34,8,1,37,13,11635,351,1027,10608,55,296,1082,10904,1767434802,208086.2422,
Van Buren,141,141,223,5907,0,5321,809,204,3,6139,van buren,223,5907,Not Applicable,16,16684,209,14,5581,326,195,9,3,0,11,5,5790,349,209,5581,23,326,232,5907,1873571942,202862.1823,
Cleburne,23,23,534,9479,0,9244,769,458,17,10020,cleburne,534,9479,Not Applicable,59,25230,463,71,8698,781,408,50,17,0,38,21,9161,859,463,8698,78,781,541,9479,1532699219,160145.8039,
Poinsett,111,111,1281,12634,0,11635,2280,1033,28,13941,poinsett,1281,12634,Not Applicable,220,24054,1173,108,12301,333,968,65,26,2,179,41,13474,467,1173,12301,134,333,1307,12634,1978621315,195984.2086,
Craighead,31,31,5193,51562,0,50677,6080,4492,52,56835,craighead,5193,51562,https://bit.ly/2T74BCM,648,105701,4827,366,48168,3394,4244,248,48,4,534,114,52995,3840,4827,48168,446,3394,5273,51562,1846141671,203046.9713,
Sharp,135,135,407,6361,0,5829,939,339,10,6769,sharp,407,6361,https://bit.ly/2T74BCM,58,17043,337,70,5945,416,289,50,10,0,38,20,6282,487,337,5945,71,416,408,6361,1570672403,220017.0186,
Izard,65,65,691,6127,0,3792,3026,562,2,6828,izard,691,6127,Not Applicable,127,13559,638,53,5645,482,522,40,2,0,114,13,6283,545,638,5645,63,482,701,6127,1511354353,187594.8391,
Fulton,49,49,373,2912,0,2586,699,311,11,3294,fulton,373,2912,https://bit.ly/2T74BCM,51,12139,306,67,2493,419,266,45,9,2,31,20,2799,495,306,2493,76,419,382,2912,1606270811,180201.7005,
Stone,137,137,412,4474,0,3371,1515,381,22,4889,stone,412,4474,Not Applicable,9,12446,394,18,4315,159,366,15,22,0,6,3,4709,180,394,4315,21,159,415,4474,1577804239,206836.7548,
Boone,9,9,1145,15284,0,13886,2543,995,38,16444,boone,1145,15284,https://bit.ly/2T74BCM,112,37288,1008,137,15030,254,888,107,36,2,84,28,16038,406,1008,15030,152,254,1160,15284,1557916143,169603.3003,