features__attributes__county_nam,features__attributes__fhwa_numbe,features__attributes__FIPS,features__attributes__positive,features__attributes__negative,features__attributes__pending,features__attributes__lab_prvt,features__attributes__lab_pub,features__attributes__Recoveries,features__attributes__deaths,features__attributes__total_tests,features__attributes__lcase_name,features__attributes__pos_range,features__attributes__neg_range,features__attributes__border_report,features__attributes__active_cases,features__attributes__POP_5YR_EST_2018,features__attributes__confirmed_pos,features__attributes__probable_pos,features__attributes__confirmed_neg,features__attributes__probable_neg,features__attributes__confirmed_recov,features__attributes__probable_recov,features__attributes__confirmed_death,features__attributes__probable_death,features__attributes__confirmed_active,features__attributes__probable_active,features__attributes__pcr_test,features__attributes__antigen_test,features__attributes__pcr_pos_test,features__attributes__pcr_neg_test,features__attributes__antigen_pos_test,features__attributes__antigen_neg_test,features__attributes__total_pos_test,features__attributes__total_neg_test,features__attributes__Shape__Area,features__attributes__Shape__Length,fields__length
Howard,61,61,503,3905,0,3254,1154,470,12,4410,howard,503,3905,Not Applicable,21,13389,476,27,3847,58,448,22,12,0,16,5,4323,87,476,3847,29,58,505,3905,1541631053,247879.8235,50
Pulaski,119,119,9859,139495,0,119919,29435,9058,160,149424,pulaski,9859,139495,Not Applicable,640,393463,9521,338,136314,3181,8764,294,146,14,610,30,145835,3589,9521,136314,408,3181,9929,139495,2089380948,284069.0846,
Lonoke,85,85,1318,21567,0,17970,4915,1124,17,22936,lonoke,1318,21567,Not Applicable,177,72206,1156,162,19789,1778,986,138,16,1,154,23,20945,1991,1156,19789,213,1778,1369,21567,2079903589,246137.9115,50
Prairie,117,117,164,2387,0,2067,484,142,3,2553,prairie,164,2387,Not Applicable,19,8244,157,7,2194,193,137,5,3,0,17,2,2351,202,157,2194,9,193,166,2387,1748665963,269110.4452,
Desha,41,41,320,4206,0,3848,680,285,6,4525,desha,320,4206,https://bit.ly/2T74BCM,29,11887,314,6,4130,76,280,5,6,0,28,1,4444,81,314,4130,5,76,319,4206,2100180171,393743.7858,
Phillips,107,107,550,7014,0,5035,2529,484,14,7568,phillips,550,7014,https://bit.ly/2T74BCM,52,19034,543,7,6944,70,481,3,14,0,48,4,7487,81,543,6944,11,70,554,7014,1885264368,280421.0166,
Searcy,129,129,154,2180,0,1979,355,144,1,2333,searcy,154,2180,Not Applicable,9,7923,148,6,2150,30,140,4,1,0,7,2,2298,35,148,2150,5,30,153,2180,1729575196,184103.8395,
Independence,63,63,1217,11953,0,10983,2187,1104,23,13180,independence,1217,11953,Not Applicable,90,37264,1049,168,11834,119,976,128,21,2,52,38,12883,297,1049,11834,178,119,1227,11953,1997479704,228003.5801,
Jackson,67,67,449,6568,0,1738,5279,339,2,7041,jackson,449,6568,Not Applicable,108,17225,339,110,6547,21,265,74,2,0,72,36,6886,155,339,6547,134,21,473,6568,1661121960,241190.8086,
Mississippi,93,93,1777,11974,0,10317,3434,1624,53,13737,mississippi,1777,11974,https://bit.ly/2T74BCM,99,42831,1735,42,11933,41,1603,21,42,11,89,10,13668,69,1735,11933,28,41,1763,11974,2397434695,293377.9244,
Greene,55,55,960,14481,0,13131,2310,855,15,15443,greene,960,14481,https://bit.ly/2T74BCM,90,44623,916,44,14328,153,820,35,15,0,81,9,15244,199,916,14328,46,153,962,14481,1501198852,195400.8507,
Clay,21,21,342,4433,0,4232,543,282,10,4775,clay,342,4433,https://bit.ly/2T74BCM,49,15061,326,16,4404,29,274,8,8,2,43,6,4730,45,326,4404,16,29,342,4433,1662039088,230200.8397,50
Randolph,121,121,477,5155,0,4634,998,401,23,5639,randolph,477,5155,https://bit.ly/2T74BCM,53,17603,421,56,5035,120,365,36,19,4,37,16,5456,183,421,5035,63,120,484,5155,1698810411,217781.913,50
Lawrence,75,75,495,4609,0,4229,875,410,13,5110,lawrence,495,4609,Not Applicable,72,16669,454,41,4524,85,371,39,13,0,70,2,4978,132,454,4524,47,85,501,4609,1533933453,208244.7924,50
Baxter,5,5,403,4494,0,3073,1824,340,2,4901,baxter,403,4494,https://bit.ly/2T74BCM,61,41219,351,52,4457,37,300,40,2,0,49,12,4808,93,351,4457,56,37,407,4494,1518457528,214376.0717,255
Marion,89,89,107,2432,0,1894,645,94,0,2539,marion,107,2432,https://bit.ly/2T74BCM,13,16438,102,5,2420,12,89,5,0,0,13,0,2522,17,102,2420,5,12,107,2432,1657005317,213041.3185,
Perry,105,105,98,3352,0,2513,937,89,0,3450,perry,98,3352,Not Applicable,9,10322,93,5,3273,79,84,5,0,0,9,0,3366,84,93,3273,5,79,98,3352,1450824198,235691.992,
Jefferson,69,69,3562,31153,0,20029,14686,2999,86,34728,jefferson,3562,31153,Not Applicable,476,70424,3501,61,30852,301,2957,42,78,8,465,11,34353,375,3501,30852,74,301,3575,31153,2370994331,284256.3496,
Washington,143,143,9949,80973,0,75666,15256,9347,119,90971,washington,9949,80973,https://bit.ly/2T74BCM,483,228529,9243,706,77641,3332,8760,587,103,16,380,103,86884,4087,9243,77641,755,3332,9998,80973,2465023834,227692.7397,
Crawford,33,33,1575,21473,0,20323,2725,1356,17,23049,crawford,1575,21473,https://bit.ly/2T74BCM,202,62472,1532,43,21392,81,1320,36,14,3,198,4,22924,125,1532,21392,44,81,1576,21473,1565525966,218076.5686,
Little River,81,81,373,1863,0,1835,401,332,27,2228,little river,373,1863,https://bit.ly/2T74BCM,14,12417,354,19,1832,31,319,13,22,5,13,1,2186,42,354,1832,11,31,365,1863,1458314114,321191.7141,
Miller,91,91,919,6720,0,5333,2306,838,11,7637,miller,919,6720,https://bit.ly/2T74BCM,70,43759,857,62,6601,119,785,53,10,1,62,8,7458,179,857,6601,60,119,917,6720,1651886724,278617.0229,
Lafayette,73,73,123,1163,0,989,297,106,2,1288,lafayette,123,1163,https://bit.ly/2T74BCM,15,6915,117,6,1157,6,101,5,2,0,14,1,1274,14,117,1157,8,6,125,1163,1413353783,240091.9904,
Columbia,27,27,565,5222,0,4063,1724,449,18,5800,columbia,565,5222,https://bit.ly/2T74BCM,98,23892,512,53,5143,79,420,29,18,0,74,24,5655,145,512,5143,66,79,578,5222,1984584461,189842.9835,
Union,139,139,945,9564,0,8170,2339,860,47,10510,union,945,9564,https://bit.ly/2T74BCM,38,39732,905,40,9398,166,832,28,42,5,31,7,10303,207,905,9398,41,166,946,9564,2731252909,302655.9319,
Ashley,3,3,452,5435,0,5146,741,418,11,5890,ashley,452,5435,https://bit.ly/2T74BCM,23,20537,446,6,5359,76,414,4,11,0,21,2,5805,85,446,5359,9,76,455,5435,2434449439,238029.5184,
Chicot,17,17,1013,5081,0,4135,1959,985,22,6095,chicot,1013,5081,https://bit.ly/2T74BCM,6,10826,1003,10,5038,43,976,9,21,1,6,0,6041,54,1003,5038,11,43,1014,5081,1788307859,280731.9062,
Benton,7,7,6910,74689,0,72295,9304,6477,95,81640,benton,6910,74689,https://bit.ly/2T74BCM,337,258980,6596,314,73854,835,6244,233,78,17,273,64,80450,1190,6596,73854,355,835,6951,74689,2289858796,259063.7941,
Carroll,15,15,759,7482,0,5806,2435,660,10,8246,carroll,759,7482,https://bit.ly/2T74BCM,89,27887,746,13,7440,42,651,9,10,0,85,4,8186,60,746,7440,18,42,764,7482,1653084715,212425.4468,
Madison,87,87,377,4296,0,4255,418,345,5,4675,madison,377,4296,Not Applicable,27,16076,361,16,4227,69,333,12,5,0,23,4,4588,87,361,4227,18,69,379,4296,2166601172,215220.1423,
Sebastian,131,131,3974,47564,0,47053,4485,3579,63,51540,sebastian,3974,47564,https://bit.ly/2T74BCM,331,127461,3911,63,47486,78,3541,38,55,8,314,17,51397,143,3911,47486,65,78,3976,47564,1411978553,217534.8996,
Polk,113,113,281,4712,0,3772,1221,255,4,4994,polk,281,4712,https://bit.ly/2T74BCM,22,20163,279,2,4693,19,254,1,4,0,21,1,4972,22,279,4693,3,19,282,4712,2230612446,218300.9017,
Sevier,133,133,1214,6724,0,7413,525,1185,19,7936,sevier,1214,6724,https://bit.ly/2T74BCM,10,17193,1197,17,6643,81,1171,14,19,0,7,3,7840,96,1197,6643,15,81,1212,6724,1504881480,254407.217,
Garland,51,51,2037,32599,0,27224,7412,1813,53,34637,garland,2037,32599,Not Applicable,171,98296,1998,39,32270,329,1792,21,48,5,158,13,34268,369,1998,32270,40,329,2038,32599,1900949403,198708.7968,
Saline,125,125,2275,32400,0,26964,7711,2050,24,34688,saline,2275,32400,Not Applicable,200,118009,2165,110,31460,940,1958,92,22,2,184,16,33625,1063,2165,31460,123,940,2288,32400,1890391626,259324.4502,
Franklin,47,47,327,6820,0,5774,1373,278,2,7148,franklin,327,6820,Not Applicable,47,17780,315,12,6766,54,267,11,2,0,46,1,7081,67,315,6766,13,54,328,6820,1604366855,221024.2209,
Scott,127,127,115,2956,0,2734,337,98,1,3071,scott,115,2956,https://bit.ly/2T74BCM,16,10442,114,1,2943,13,98,0,1,0,15,1,3057,14,114,2943,1,13,115,2956,2325588371,235654.492,
Logan,83,83,446,7657,0,6379,1724,406,1,8104,logan,446,7657,Not Applicable,39,21757,444,2,7627,30,405,1,1,0,38,1,8071,33,444,7627,3,30,447,7657,1893020843,260765.966,
Yell,149,149,1271,10285,0,10051,1505,1222,30,11553,yell,1271,10285,Not Applicable,19,21573,1263,8,10211,74,1217,5,27,3,19,0,11474,79,1263,10211,5,74,1268,10285,2456264852,285291.0725,
Montgomery,97,97,169,2339,0,1579,929,143,6,2508,montgomery,169,2339,Not Applicable,20,8993,167,2,2307,32,142,1,6,0,19,1,2474,34,167,2307,2,32,169,2339,2072865932,187272.0306,
Pike,109,109,237,2363,0,2139,461,222,3,2599,pike,237,2363,Not Applicable,12,10808,233,4,2331,32,221,1,2,1,10,2,2564,35,233,2331,3,32,236,2363,1588931950,227895.8304,
Hempstead,57,57,408,5218,0,4233,1393,363,4,5629,hempstead,408,5218,Not Applicable,41,22018,388,20,5144,74,354,9,4,0,30,11,5532,97,388,5144,23,74,411,5218,1918024030,254684.6117,
Drew,43,43,363,6028,0,5415,976,345,7,6394,drew,363,6028,Not Applicable,11,18502,350,13,5872,156,333,12,6,1,11,0,6222,172,350,5872,16,156,366,6028,2164050281,194673.142,
Bradley,11,11,345,3630,0,2636,1339,332,8,3974,bradley,345,3630,Not Applicable,5,10948,343,2,3611,19,331,1,7,1,5,0,3954,20,343,3611,1,19,344,3630,1689743160,251246.7515,
Calhoun,13,13,37,1764,0,1600,201,36,0,1801,calhoun,37,1764,Not Applicable,1,5202,36,1,1751,13,35,1,0,0,1,0,1787,14,36,1751,1,13,37,1764,1636688782,257923.6842,
Ouachita,103,103,278,5900,0,5085,1093,249,7,6185,ouachita,278,5900,Not Applicable,22,24106,270,8,5856,44,243,6,7,0,20,2,6126,59,270,5856,15,44,285,5900,1914451452,288817.2228,
Nevada,99,99,234,3488,0,2927,795,207,13,3719,nevada,234,3488,Not Applicable,14,8440,222,12,3462,26,199,8,12,1,11,3,3684,35,222,3462,9,26,231,3488,1606223502,203918.6023,
Clark,19,19,384,6700,0,5820,1264,332,4,7086,clark,384,6700,Not Applicable,48,22385,363,21,6607,93,316,16,4,0,43,5,6970,116,363,6607,23,93,386,6700,2285025129,305327.4047,
Dallas,39,39,171,2041,0,1598,614,154,5,2212,dallas,171,2041,Not Applicable,12,7432,169,2,2021,20,153,1,5,0,11,1,2190,22,169,2021,2,20,171,2041,1728752981,248335.5817,
Cleveland,25,25,192,2853,0,1925,1120,171,12,3045,cleveland,192,2853,Not Applicable,9,8226,189,3,2804,49,169,2,11,1,9,0,2993,52,189,2804,3,49,192,2853,1550112202,191785.2785,
Lincoln,79,79,2093,7085,0,3574,5604,1939,16,9187,lincoln,2093,7085,Not Applicable,138,13695,2084,9,7052,33,1934,5,15,1,135,3,9136,51,2084,7052,18,33,2102,7085,1475144651,200391.1933,
Arkansas,1,1,460,6937,0,6061,1336,382,10,7407,arkansas,460,6937,Not Applicable,68,18124,429,31,6226,711,357,25,9,1,63,5,6655,752,429,6226,41,711,470,6937,2689458657,337890.8217,
Grant,53,53,278,5417,0,4612,1083,254,2,5701,grant,278,5417,Not Applicable,22,18086,268,10,5321,96,245,9,2,0,21,1,5589,112,268,5321,16,96,284,5417,1638299261,192015.4316,
Monroe,95,95,148,2376,0,2096,428,129,0,2524,monroe,148,2376,Not Applicable,19,7249,146,2,2340,36,127,2,0,0,19,0,2486,38,146,2340,2,36,148,2376,1608814699,246946.0682,
Lee,77,77,1081,4171,0,3061,2191,1043,18,5253,lee,1081,4171,https://bit.ly/2T74BCM,20,9398,1078,3,4159,12,1041,2,17,1,20,0,5237,16,1078,4159,4,12,1082,4171,1615973757,249884.0358,
Hot Spring,59,59,1957,13704,0,9292,6369,1858,28,15665,hot spring,1957,13704,Not Applicable,71,33520,1944,13,13565,139,1850,8,26,2,68,3,15509,156,1944,13565,17,139,1961,13704,1610166632,219757.2806,
St. Francis,123,123,1564,12507,0,11295,2776,1490,6,14072,saint francis,1564,12507,Not Applicable,68,26294,1560,4,12481,26,1489,1,6,0,65,3,14041,31,1560,12481,5,26,1565,12507,1664523033,200638.765,
Crittenden,35,35,2007,13912,0,13767,2152,1898,48,15909,crittenden,2007,13912,https://bit.ly/2T74BCM,61,49013,1986,21,13883,29,1885,13,41,7,60,1,15869,40,1986,13883,11,29,1997,13912,1653092887,250119.0718,
Cross,37,37,487,5181,0,4803,865,426,14,5665,cross,487,5181,Not Applicable,47,16998,462,25,5142,39,411,15,12,2,39,8,5604,61,462,5142,22,39,484,5181,1612034657,165977.2085,
Woodruff,147,147,63,1783,0,1599,247,55,0,1847,woodruff,63,1783,Not Applicable,8,6660,55,8,1766,17,48,7,0,0,7,1,1821,26,55,1766,9,17,64,1783,1538509114,261925.2861,
White,145,145,975,16989,0,13395,4569,842,29,17978,white,975,16989,Not Applicable,104,78804,860,115,16056,933,755,87,25,4,80,24,16916,1062,860,16056,129,933,989,16989,2697526482,339075.6021,
Faulkner,45,45,2728,39318,0,33231,8815,2419,22,42063,faulkner,2728,39318,Not Applicable,286,122416,2609,119,38354,964,2319,100,19,3,270,16,40963,1100,2609,38354,136,964,2745,39318,1719292673,220407.9906,
Conway,29,29,297,6780,0,5402,1675,258,3,7075,conway,297,6780,Not Applicable,36,20906,282,15,6617,163,251,7,3,0,28,8,6899,176,282,6617,13,163,295,6780,1466018646,208726.8331,
Newton,101,101,257,1881,0,1585,553,216,19,2133,newton,257,1881,Not Applicable,22,7848,242,15,1804,77,208,8,16,3,18,4,2046,87,242,1804,10,77,252,1881,2130867829,197624.4003,
Pope,115,115,2254,23311,0,22482,3083,2078,36,25557,pope,2254,23311,Not Applicable,140,63644,2218,36,23105,206,2053,25,32,4,133,7,25323,234,2218,23105,28,206,2246,23311,2147891753,215833.1414,
Johnson,71,71,885,8270,0,6652,2503,840,7,9158,johnson,885,8270,Not Applicable,38,26291,877,8,8172,98,835,5,7,0,35,3,9049,109,877,8172,11,98,888,8270,1767434802,208086.2422,
Van Buren,141,141,178,4428,0,3977,629,170,3,4611,van buren,178,4428,Not Applicable,5,16684,175,3,4349,79,167,3,3,0,5,0,4524,87,175,4349,8,79,183,4428,1873571942,202862.1823,
Cleburne,23,23,362,6980,0,6752,590,324,9,7346,cleburne,362,6980,Not Applicable,29,25230,336,26,6802,178,307,17,9,0,20,9,7138,208,336,6802,30,178,366,6980,1532699219,160145.8039,
Poinsett,111,111,718,7919,0,6877,1760,638,15,8635,poinsett,718,7919,Not Applicable,65,24054,687,31,7895,24,620,18,14,1,53,12,8582,53,687,7895,29,24,716,7919,1978621315,195984.2086,
Craighead,31,31,3287,34808,0,34332,3763,2866,26,38110,craighead,3287,34808,https://bit.ly/2T74BCM,394,105701,3186,101,34419,389,2787,79,23,3,375,19,37605,505,3186,34419,116,389,3302,34808,1846141671,203046.9713,
Sharp,135,135,256,4228,0,3782,702,210,6,4483,sharp,256,4228,https://bit.ly/2T74BCM,40,17043,235,21,4216,12,193,17,6,0,36,4,4451,32,235,4216,20,12,255,4228,1570672403,220017.0186,
Izard,65,65,268,3594,0,1977,1885,213,0,3870,izard,268,3594,Not Applicable,55,13559,251,17,3578,16,200,13,0,0,51,4,3829,41,251,3578,25,16,276,3594,1511354353,187594.8391,
Fulton,49,49,201,1779,0,1545,435,159,5,1984,fulton,201,1779,https://bit.ly/2T74BCM,37,12139,181,20,1673,106,147,12,4,1,30,7,1854,130,181,1673,24,106,205,1779,1606270811,180201.7005,
Stone,137,137,373,3566,0,2580,1359,321,15,3942,stone,373,3566,Not Applicable,37,12446,365,8,3530,36,315,6,15,0,35,2,3895,47,365,3530,11,36,376,3566,1577804239,206836.7548,
Boone,9,9,815,11316,0,9983,2148,694,20,12132,boone,815,11316,https://bit.ly/2T74BCM,101,37288,743,72,11254,62,649,45,18,2,76,25,11997,135,743,11254,73,62,816,11316,1557916143,169603.3003,