features__attributes__county_nam,features__attributes__fhwa_numbe,features__attributes__FIPS,features__attributes__positive,features__attributes__negative,features__attributes__pending,features__attributes__lab_prvt,features__attributes__lab_pub,features__attributes__Recoveries,features__attributes__deaths,features__attributes__total_tests,features__attributes__lcase_name,features__attributes__pos_range,features__attributes__neg_range,features__attributes__border_report,features__attributes__active_cases,features__attributes__POP_5YR_EST_2018,features__attributes__confirmed_pos,features__attributes__probable_pos,features__attributes__confirmed_neg,features__attributes__probable_neg,features__attributes__confirmed_recov,features__attributes__probable_recov,features__attributes__confirmed_death,features__attributes__probable_death,features__attributes__confirmed_active,features__attributes__probable_active,features__attributes__pcr_test,features__attributes__antigen_test,features__attributes__pcr_pos_test,features__attributes__pcr_neg_test,features__attributes__antigen_pos_test,features__attributes__antigen_neg_test,features__attributes__total_pos_test,features__attributes__total_neg_test,features__attributes__Shape__Area,features__attributes__Shape__Length,fields__length
Howard,61,61,582,4389,0,3683,1288,529,14,4976,howard,582,4389,Not Applicable,39,13389,528,54,4133,256,484,45,14,0,30,9,4661,315,528,4133,59,256,587,4389,1541631053,247879.8235,50
Pulaski,119,119,11997,171728,0,143205,40598,10806,209,183841,pulaski,11997,171728,Not Applicable,981,393463,11373,624,166538,5190,10308,498,195,14,869,112,177911,5930,11373,166538,740,5190,12113,171728,2089380948,284069.0846,
Lonoke,85,85,1752,27680,0,22439,6995,1496,28,29514,lonoke,1752,27680,Not Applicable,228,72206,1449,303,24647,3033,1272,224,26,2,151,77,26096,3418,1449,24647,385,3033,1834,27680,2079903589,246137.9115,50
Prairie,117,117,224,3032,0,2627,630,183,4,3265,prairie,224,3032,Not Applicable,37,8244,191,33,2727,305,169,14,4,0,18,19,2918,347,191,2727,42,305,233,3032,1748665963,269110.4452,
Desha,41,41,410,4983,0,4579,821,362,7,5398,desha,410,4983,https://bit.ly/2T74BCM,41,11887,387,23,4807,176,348,14,7,0,32,9,5194,204,387,4807,28,176,415,4983,2100180171,393743.7858,
Phillips,107,107,746,8631,0,6504,2873,661,16,9389,phillips,746,8631,https://bit.ly/2T74BCM,69,19034,724,22,8493,138,648,13,16,0,60,9,9217,172,724,8493,34,138,758,8631,1885264368,280421.0166,
Searcy,129,129,199,3099,0,2878,420,176,1,3297,searcy,199,3099,Not Applicable,22,7923,188,11,3005,94,167,9,1,0,20,2,3193,104,188,3005,10,94,198,3099,1729575196,184103.8395,
Independence,63,63,1466,14442,0,13503,2405,1346,51,15921,independence,1466,14442,Not Applicable,69,37264,1209,257,14105,337,1119,227,46,5,44,25,15314,607,1209,14105,270,337,1479,14442,1997479704,228003.5801,
Jackson,67,67,760,9336,0,2869,7227,565,6,10127,jackson,760,9336,Not Applicable,189,17225,575,185,9278,58,412,153,5,1,158,31,9853,274,575,9278,216,58,791,9336,1661121960,241190.8086,
Mississippi,93,93,2297,14299,0,12448,4151,1933,68,16587,mississippi,2297,14299,https://bit.ly/2T74BCM,296,42831,2189,108,14078,221,1866,67,55,13,268,28,16267,320,2189,14078,99,221,2288,14299,2397434695,293377.9244,
Greene,55,55,1507,19091,0,17744,2854,1230,19,20620,greene,1507,19091,https://bit.ly/2T74BCM,258,44623,1378,129,18135,956,1157,73,18,1,203,55,19513,1107,1378,18135,151,956,1529,19091,1501198852,195400.8507,
Clay,21,21,490,6271,0,6104,657,409,12,6765,clay,490,6271,https://bit.ly/2T74BCM,68,15061,450,40,5544,727,384,25,10,2,55,13,5994,771,450,5544,44,727,494,6271,1662039088,230200.8397,50
Randolph,121,121,650,6590,0,6004,1236,556,24,7251,randolph,650,6590,https://bit.ly/2T74BCM,70,17603,514,136,6194,396,461,95,19,5,34,36,6708,543,514,6194,147,396,661,6590,1698810411,217781.913,50
Lawrence,75,75,823,5998,0,5738,1083,707,17,6828,lawrence,823,5998,Not Applicable,99,16669,730,93,5845,153,639,68,17,0,74,25,6575,253,730,5845,100,153,830,5998,1533933453,208244.7924,50
Baxter,5,5,668,6393,0,4875,2188,554,10,7064,baxter,668,6393,https://bit.ly/2T74BCM,104,41219,558,110,6005,388,461,93,10,0,87,17,6563,501,558,6005,113,388,671,6393,1518457528,214376.0717,255
Marion,89,89,153,3427,0,2813,767,133,2,3580,marion,153,3427,https://bit.ly/2T74BCM,18,16438,138,15,3228,199,123,10,1,1,14,4,3366,214,138,3228,15,199,153,3427,1657005317,213041.3185,
Perry,105,105,137,4463,0,3012,1590,126,0,4604,perry,137,4463,Not Applicable,11,10322,130,7,4331,132,120,6,0,0,10,1,4461,143,130,4331,11,132,141,4463,1450824198,235691.992,
Jefferson,69,69,4194,39467,0,24450,19214,3780,102,43721,jefferson,4194,39467,Not Applicable,310,70424,4076,118,38937,530,3704,76,97,5,273,37,43013,708,4076,38937,178,530,4254,39467,2370994331,284256.3496,
Washington,143,143,11468,97998,0,92322,17156,10724,150,109550,washington,11468,97998,https://bit.ly/2T74BCM,594,228529,10375,1093,93080,4918,9773,951,132,18,470,124,103455,6095,10375,93080,1177,4918,11552,97998,2465023834,227692.7397,
Crawford,33,33,2035,28061,0,26300,3800,1821,26,30097,crawford,2035,28061,https://bit.ly/2T74BCM,188,62472,1942,93,27717,344,1747,74,24,2,171,17,29659,438,1942,27717,94,344,2036,28061,1565525966,218076.5686,
Little River,81,81,451,2261,0,2248,464,393,38,2706,little river,451,2261,https://bit.ly/2T74BCM,20,12417,413,38,2194,67,363,30,33,5,17,3,2607,99,413,2194,32,67,445,2261,1458314114,321191.7141,
Miller,91,91,1435,8197,0,6574,3058,1154,16,9638,miller,1435,8197,https://bit.ly/2T74BCM,265,43759,1213,222,8010,187,995,159,14,2,204,61,9223,415,1213,8010,228,187,1441,8197,1651886724,278617.0229,
Lafayette,73,73,172,1410,0,1225,357,151,3,1584,lafayette,172,1410,https://bit.ly/2T74BCM,18,6915,153,19,1377,33,136,15,3,0,14,4,1530,54,153,1377,21,33,174,1410,1413353783,240091.9904,
Columbia,27,27,704,6911,0,5598,2017,632,21,7630,columbia,704,6911,https://bit.ly/2T74BCM,51,23892,607,97,6582,329,556,76,21,0,30,21,7189,441,607,6582,112,329,719,6911,1984584461,189842.9835,
Union,139,139,1122,11626,0,10238,2526,1033,49,12757,union,1122,11626,https://bit.ly/2T74BCM,40,39732,1004,118,10759,867,936,97,43,6,25,15,11763,994,1004,10759,127,867,1131,11626,2731252909,302655.9319,
Ashley,3,3,539,6436,0,6066,909,484,11,6979,ashley,539,6436,https://bit.ly/2T74BCM,44,20537,512,27,6237,199,468,16,11,0,33,11,6749,230,512,6237,31,199,543,6436,2434449439,238029.5184,
Chicot,17,17,1050,5903,0,4893,2060,1003,22,6957,chicot,1050,5903,https://bit.ly/2T74BCM,25,10826,1034,16,5695,208,994,9,21,1,19,6,6729,228,1034,5695,20,208,1054,5903,1788307859,280731.9062,
Benton,7,7,8177,88513,0,85953,10741,7519,118,96747,benton,8177,88513,https://bit.ly/2T74BCM,539,258980,7513,664,86789,1724,7007,512,102,16,403,136,94302,2445,7513,86789,721,1724,8234,88513,2289858796,259063.7941,
Carroll,15,15,1000,8968,0,6871,3098,909,15,9977,carroll,1000,8968,https://bit.ly/2T74BCM,76,27887,960,40,8877,91,875,34,15,0,70,6,9837,140,960,8877,49,91,1009,8968,1653084715,212425.4468,
Madison,87,87,430,5324,0,5197,559,402,6,5756,madison,430,5324,Not Applicable,22,16076,399,31,5170,154,374,28,6,0,19,3,5569,187,399,5170,33,154,432,5324,2166601172,215220.1423,
Sebastian,131,131,4849,61671,0,61593,4927,4416,93,66531,sebastian,4849,61671,https://bit.ly/2T74BCM,339,127461,4660,189,61161,510,4268,148,86,7,305,34,65821,710,4660,61161,200,510,4860,61671,1411978553,217534.8996,
Polk,113,113,358,5685,0,4588,1455,335,5,6047,polk,358,5685,https://bit.ly/2T74BCM,18,20163,352,6,5599,86,329,6,5,0,18,0,5951,96,352,5599,10,86,362,5685,2230612446,218300.9017,
Sevier,133,133,1351,7359,0,8049,661,1264,16,8707,sevier,1351,7359,https://bit.ly/2T74BCM,71,17193,1243,108,7093,266,1196,68,16,0,31,40,8336,371,1243,7093,105,266,1348,7359,1504881480,254407.217,
Garland,51,51,2457,39753,0,31136,11075,2166,66,42218,garland,2457,39753,Not Applicable,225,98296,2360,97,38880,873,2109,57,61,5,190,35,41240,978,2360,38880,105,873,2465,39753,1900949403,198708.7968,
Saline,125,125,2854,40924,0,34485,9304,2562,29,43811,saline,2854,40924,Not Applicable,262,118009,2606,248,38870,2054,2380,182,27,2,198,64,41476,2335,2606,38870,281,2054,2887,40924,1890391626,259324.4502,
Franklin,47,47,529,8507,0,7270,1766,444,3,9051,franklin,529,8507,Not Applicable,82,17780,488,41,8359,148,423,21,3,0,62,20,8847,204,488,8359,56,148,544,8507,1604366855,221024.2209,
Scott,127,127,219,4228,0,3898,549,146,1,4447,scott,219,4228,https://bit.ly/2T74BCM,72,10442,205,14,4174,54,141,5,1,0,63,9,4379,68,205,4174,14,54,219,4228,2325588371,235654.492,
Logan,83,83,594,9668,0,8193,2069,532,4,10270,logan,594,9668,Not Applicable,58,21757,576,18,9355,313,522,10,4,0,50,8,9931,339,576,9355,26,313,602,9668,1893020843,260765.966,
Yell,149,149,1341,12967,0,12724,1584,1287,31,14306,yell,1341,12967,Not Applicable,23,21573,1326,15,12795,172,1276,11,28,3,22,1,14121,185,1326,12795,13,172,1339,12967,2456264852,285291.0725,
Montgomery,97,97,183,2862,0,1991,1054,170,8,3044,montgomery,183,2862,Not Applicable,5,8993,180,3,2649,213,167,3,8,0,5,0,2829,215,180,2649,2,213,182,2862,2072865932,187272.0306,
Pike,109,109,267,2856,0,2579,544,254,1,3120,pike,267,2856,Not Applicable,12,10808,255,12,2728,128,246,8,0,1,9,3,2983,137,255,2728,9,128,264,2856,1588931950,227895.8304,
Hempstead,57,57,554,6535,0,5345,1744,501,5,7100,hempstead,554,6535,Not Applicable,48,22018,505,49,6374,161,457,44,5,0,43,5,6879,221,505,6374,60,161,565,6535,1918024030,254684.6117,
Drew,43,43,430,7413,0,6661,1182,383,7,7848,drew,430,7413,Not Applicable,40,18502,407,23,6887,526,367,16,6,1,34,6,7294,554,407,6887,28,526,435,7413,2164050281,194673.142,
Bradley,11,11,370,4347,0,3278,1439,348,8,4718,bradley,370,4347,Not Applicable,14,10948,364,6,3993,354,344,4,7,1,13,1,4357,361,364,3993,7,354,371,4347,1689743160,251246.7515,
Calhoun,13,13,53,1966,0,1789,230,46,0,2019,calhoun,53,1966,Not Applicable,7,5202,50,3,1931,35,44,2,0,0,6,1,1981,38,50,1931,3,35,53,1966,1636688782,257923.6842,
Ouachita,103,103,379,7394,0,6591,1182,320,9,7783,ouachita,379,7394,Not Applicable,49,24106,359,20,7192,202,307,13,9,0,42,7,7551,232,359,7192,30,202,389,7394,1914451452,288817.2228,
Nevada,99,99,301,4482,0,3653,1130,258,14,4781,nevada,301,4482,Not Applicable,29,8440,275,26,4401,81,240,18,13,1,22,7,4676,105,275,4401,24,81,299,4482,1606223502,203918.6023,
Clark,19,19,497,8858,0,7937,1418,449,5,9365,clark,497,8858,Not Applicable,43,22385,452,45,8309,549,409,40,5,0,38,5,8761,604,452,8309,55,549,507,8858,2285025129,305327.4047,
Dallas,39,39,179,2700,0,2201,678,171,5,2879,dallas,179,2700,Not Applicable,3,7432,176,3,2646,54,169,2,5,0,2,1,2822,57,176,2646,3,54,179,2700,1728752981,248335.5817,
Cleveland,25,25,234,3650,0,2335,1549,192,13,3884,cleveland,234,3650,Not Applicable,29,8226,216,18,3540,110,185,7,12,1,19,10,3756,128,216,3540,18,110,234,3650,1550112202,191785.2785,
Lincoln,79,79,2315,9210,0,4706,6819,2148,17,11534,lincoln,2315,9210,Not Applicable,150,13695,2292,23,9097,113,2132,16,16,1,144,6,11389,145,2292,9097,32,113,2324,9210,1475144651,200391.1933,
Arkansas,1,1,673,8836,0,7863,1648,568,16,9534,arkansas,673,8836,Not Applicable,89,18124,585,88,7547,1289,511,57,16,0,58,31,8132,1402,585,7547,113,1289,698,8836,2689458657,337890.8217,
Grant,53,53,364,6795,0,5760,1400,322,4,7165,grant,364,6795,Not Applicable,38,18086,332,32,6432,363,299,23,4,0,29,9,6764,401,332,6432,38,363,370,6795,1638299261,192015.4316,
Monroe,95,95,212,3014,0,2657,569,198,1,3226,monroe,212,3014,Not Applicable,13,7249,201,11,2948,66,189,9,1,0,11,2,3149,77,201,2948,11,66,212,3014,1608814699,246946.0682,
Lee,77,77,1110,5023,0,3820,2313,1079,18,6136,lee,1110,5023,https://bit.ly/2T74BCM,13,9398,1105,5,4989,34,1076,3,17,1,12,1,6094,42,1105,4989,8,34,1113,5023,1615973757,249884.0358,
Hot Spring,59,59,2208,17402,0,11606,8005,2047,36,19616,hot spring,2208,17402,Not Applicable,125,33520,2180,28,17014,388,2029,18,34,2,117,8,19194,422,2180,17014,34,388,2214,17402,1610166632,219757.2806,
St. Francis,123,123,1760,14236,0,12811,3185,1642,10,16000,saint francis,1760,14236,Not Applicable,108,26294,1739,21,14149,87,1624,18,10,0,105,3,15888,112,1739,14149,25,87,1764,14236,1664523033,200638.765,
Crittenden,35,35,2397,16821,0,16684,2534,2147,52,19213,crittenden,2397,16821,https://bit.ly/2T74BCM,197,49013,2325,72,16639,182,2107,40,45,7,172,25,18964,249,2325,16639,67,182,2392,16821,1653092887,250119.0718,
Cross,37,37,587,6295,0,5921,961,516,22,6882,cross,587,6295,Not Applicable,49,16998,534,53,6124,171,479,37,20,2,35,14,6658,224,534,6124,53,171,587,6295,1612034657,165977.2085,
Woodruff,147,147,120,2269,0,2014,375,83,0,2391,woodruff,120,2269,Not Applicable,37,6660,105,15,2206,63,72,11,0,0,33,4,2311,80,105,2206,17,63,122,2269,1538509114,261925.2861,
White,145,145,1478,22312,0,17135,6655,1241,32,23812,white,1478,22312,Not Applicable,205,78804,1237,241,20325,1987,1053,188,27,5,157,48,21562,2250,1237,20325,263,1987,1500,22312,2697526482,339075.6021,
Faulkner,45,45,3358,49997,0,41560,11798,3084,35,53386,faulkner,3358,49997,Not Applicable,239,122416,3129,229,47981,2016,2905,179,29,6,195,44,51110,2276,3129,47981,260,2016,3389,49997,1719292673,220407.9906,
Conway,29,29,346,8000,0,6491,1855,325,3,8345,conway,346,8000,Not Applicable,18,20906,324,22,7741,259,307,18,3,0,14,4,8065,280,324,7741,21,259,345,8000,1466018646,208726.8331,
Newton,101,101,307,2426,0,2078,655,268,19,2728,newton,307,2426,Not Applicable,20,7848,283,24,2088,338,252,16,16,3,15,5,2371,357,283,2088,19,338,302,2426,2130867829,197624.4003,
Pope,115,115,2725,28833,0,27899,3659,2521,38,31561,pope,2725,28833,Not Applicable,166,63644,2577,148,28264,569,2415,106,34,4,128,38,30841,720,2577,28264,151,569,2728,28833,2147891753,215833.1414,
Johnson,71,71,1017,9704,0,7804,2917,931,8,10727,johnson,1017,9704,Not Applicable,78,26291,985,32,9494,210,918,13,8,0,59,19,10479,248,985,9494,38,210,1023,9704,1767434802,208086.2422,
Van Buren,141,141,210,5645,0,5100,755,191,3,5863,van buren,210,5645,Not Applicable,16,16684,202,8,5421,224,185,6,3,0,14,2,5623,240,202,5421,16,224,218,5645,1873571942,202862.1823,
Cleburne,23,23,461,8820,0,8564,717,415,15,9284,cleburne,461,8820,Not Applicable,31,25230,409,52,8243,577,372,43,15,0,22,9,8652,632,409,8243,55,577,464,8820,1532699219,160145.8039,
Poinsett,111,111,1071,11468,0,10374,2165,878,20,12551,poinsett,1071,11468,Not Applicable,173,24054,998,73,11299,169,827,51,18,2,153,20,12297,254,998,11299,85,169,1083,11468,1978621315,195984.2086,
Craighead,31,31,4544,46848,0,45578,5815,3945,45,51439,craighead,4544,46848,https://bit.ly/2T74BCM,553,105701,4299,245,45129,1719,3775,170,41,4,482,71,49428,2011,4299,45129,292,1719,4591,46848,1846141671,203046.9713,
Sharp,135,135,361,5711,0,5220,852,290,10,6072,sharp,361,5711,https://bit.ly/2T74BCM,61,17043,308,53,5451,260,255,35,10,0,43,18,5759,313,308,5451,53,260,361,5711,1570672403,220017.0186,
Izard,65,65,556,5421,0,3162,2815,373,2,5987,izard,556,5421,Not Applicable,181,13559,519,37,5048,373,345,28,2,0,172,9,5567,420,519,5048,47,373,566,5421,1511354353,187594.8391,
Fulton,49,49,323,2608,0,2311,620,264,9,2941,fulton,323,2608,https://bit.ly/2T74BCM,50,12139,277,46,2288,320,227,37,8,1,42,8,2565,376,277,2288,56,320,333,2608,1606270811,180201.7005,
Stone,137,137,401,4228,0,3149,1480,367,21,4632,stone,401,4228,Not Applicable,13,12446,387,14,4110,118,355,12,21,0,11,2,4497,135,387,4110,17,118,404,4228,1577804239,206836.7548,
Boone,9,9,1040,14275,0,12872,2443,906,33,15326,boone,1040,14275,https://bit.ly/2T74BCM,101,37288,937,103,14067,208,814,92,31,2,92,9,15004,322,937,14067,114,208,1051,14275,1557916143,169603.3003,