features__attributes__county_nam,features__attributes__fhwa_numbe,features__attributes__FIPS,features__attributes__positive,features__attributes__negative,features__attributes__pending,features__attributes__lab_prvt,features__attributes__lab_pub,features__attributes__Recoveries,features__attributes__deaths,features__attributes__total_tests,features__attributes__lcase_name,features__attributes__pos_range,features__attributes__neg_range,features__attributes__border_report,features__attributes__active_cases,features__attributes__POP_5YR_EST_2018,features__attributes__confirmed_pos,features__attributes__probable_pos,features__attributes__confirmed_neg,features__attributes__probable_neg,features__attributes__confirmed_recov,features__attributes__probable_recov,features__attributes__confirmed_death,features__attributes__probable_death,features__attributes__confirmed_active,features__attributes__probable_active,features__attributes__pcr_test,features__attributes__antigen_test,features__attributes__pcr_pos_test,features__attributes__pcr_neg_test,features__attributes__antigen_pos_test,features__attributes__antigen_neg_test,features__attributes__total_pos_test,features__attributes__total_neg_test,features__attributes__Shape__Area,features__attributes__Shape__Length,fields__length
Howard,61,61,485,3762,0,3125,1122,456,12,4249,howard,485,3762,Not Applicable,17,13389,461,24,3750,12,443,13,12,0,6,11,4211,38,461,3750,26,12,487,3762,1541631053,247879.8235,50
Pulaski,119,119,9509,132758,0,115010,27257,8682,153,142330,pulaski,9509,132758,Not Applicable,673,393463,9200,309,131017,1741,8420,262,140,13,639,34,140217,2113,9200,131017,372,1741,9572,132758,2089380948,284069.0846,
Lonoke,85,85,1230,19553,0,16509,4274,1033,17,20833,lonoke,1230,19553,Not Applicable,180,72206,1087,143,18572,981,912,121,16,1,159,21,19659,1174,1087,18572,193,981,1280,19553,2079903589,246137.9115,50
Prairie,117,117,154,2080,0,1786,448,134,2,2236,prairie,154,2080,Not Applicable,18,8244,147,7,2048,32,129,5,2,0,16,2,2195,41,147,2048,9,32,156,2080,1748665963,269110.4452,
Desha,41,41,300,3942,0,3596,646,271,6,4241,desha,300,3942,https://bit.ly/2T74BCM,23,11887,297,3,3910,32,269,2,6,0,22,1,4207,34,297,3910,2,32,299,3942,2100180171,393743.7858,
Phillips,107,107,515,6689,0,4775,2429,456,12,7207,phillips,515,6689,https://bit.ly/2T74BCM,47,19034,510,5,6658,31,454,2,12,0,44,3,7168,39,510,6658,8,31,518,6689,1885264368,280421.0166,
Searcy,129,129,148,2069,0,1876,341,143,1,2216,searcy,148,2069,Not Applicable,4,7923,144,4,2051,18,139,4,1,0,4,0,2195,21,144,2051,3,18,147,2069,1729575196,184103.8395,
Independence,63,63,1148,11444,0,10478,2114,1035,21,12599,independence,1148,11444,Not Applicable,92,37264,1021,127,11390,54,937,98,20,1,64,28,12411,188,1021,11390,134,54,1155,11444,1997479704,228003.5801,
Jackson,67,67,359,6178,0,1562,4975,300,1,6553,jackson,359,6178,Not Applicable,58,17225,284,75,6167,11,252,48,1,0,31,27,6451,102,284,6167,91,11,375,6178,1661121960,241190.8086,
Mississippi,93,93,1708,11660,0,10033,3335,1566,51,13355,mississippi,1708,11660,https://bit.ly/2T74BCM,91,42831,1674,34,11644,16,1551,15,40,11,83,8,13318,37,1674,11644,21,16,1695,11660,2397434695,293377.9244,
Greene,55,55,909,13903,0,12633,2179,799,10,14813,greene,909,13903,https://bit.ly/2T74BCM,100,44623,873,36,13801,102,772,27,10,0,91,9,14674,139,873,13801,37,102,910,13903,1501198852,195400.8507,
Clay,21,21,314,4290,0,4084,520,258,8,4604,clay,314,4290,https://bit.ly/2T74BCM,47,15061,300,14,4284,6,252,6,6,2,41,6,4584,20,300,4284,14,6,314,4290,1662039088,230200.8397,50
Randolph,121,121,442,4886,0,4374,954,372,22,5332,randolph,442,4886,https://bit.ly/2T74BCM,48,17603,395,47,4835,51,345,27,18,4,32,16,5230,102,395,4835,51,51,446,4886,1698810411,217781.913,50
Lawrence,75,75,461,4304,0,3922,843,373,12,4768,lawrence,461,4304,Not Applicable,76,16669,421,40,4291,13,337,36,12,0,72,4,4712,56,421,4291,43,13,464,4304,1533933453,208244.7924,50
Baxter,5,5,366,4113,0,2740,1739,305,2,4480,baxter,366,4113,https://bit.ly/2T74BCM,59,41219,324,42,4096,17,275,30,2,0,47,12,4420,60,324,4096,43,17,367,4113,1518457528,214376.0717,255
Marion,89,89,102,2351,0,1831,622,85,0,2453,marion,102,2351,https://bit.ly/2T74BCM,17,16438,97,5,2344,7,80,5,0,0,17,0,2441,12,97,2344,5,7,102,2351,1657005317,213041.3185,
Perry,105,105,89,3171,0,2417,843,82,0,3260,perry,89,3171,Not Applicable,7,10322,85,4,3109,62,78,4,0,0,7,0,3194,66,85,3109,4,62,89,3171,1450824198,235691.992,
Jefferson,69,69,3393,29420,0,19135,13678,2763,79,32822,jefferson,3393,29420,Not Applicable,550,70424,3338,55,29247,173,2727,36,71,8,539,11,32585,237,3338,29247,64,173,3402,29420,2370994331,284256.3496,
Washington,143,143,9645,76536,0,71147,15034,9051,118,86228,washington,9645,76536,https://bit.ly/2T74BCM,476,228529,9023,622,75274,1262,8527,524,102,16,394,82,84297,1931,9023,75274,669,1262,9692,76536,2465023834,227692.7397,
Crawford,33,33,1465,20166,0,19127,2504,1256,16,21629,crawford,1465,20166,https://bit.ly/2T74BCM,193,62472,1426,39,20156,10,1226,30,13,3,187,6,21582,47,1426,20156,37,10,1463,20166,1565525966,218076.5686,
Little River,81,81,362,1779,0,1752,389,325,26,2132,little river,362,1779,https://bit.ly/2T74BCM,11,12417,345,17,1762,17,314,11,21,5,10,1,2107,25,345,1762,8,17,353,1779,1458314114,321191.7141,
Miller,91,91,857,6502,0,5077,2282,793,11,7358,miller,857,6502,https://bit.ly/2T74BCM,53,43759,810,47,6433,69,751,42,10,1,49,4,7243,115,810,6433,46,69,856,6502,1651886724,278617.0229,
Lafayette,73,73,117,1120,0,949,288,94,2,1239,lafayette,117,1120,https://bit.ly/2T74BCM,21,6915,112,5,1118,2,92,2,2,0,18,3,1230,9,112,1118,7,2,119,1120,1413353783,240091.9904,
Columbia,27,27,500,5032,0,3881,1651,387,18,5546,columbia,500,5032,https://bit.ly/2T74BCM,95,23892,465,35,5000,32,374,13,18,0,73,22,5465,81,465,5000,49,32,514,5032,1984584461,189842.9835,
Union,139,139,911,9187,0,7797,2301,833,40,10099,union,911,9187,https://bit.ly/2T74BCM,38,39732,879,32,9111,76,818,15,35,5,26,12,9990,109,879,9111,33,76,912,9187,2731252909,302655.9319,
Ashley,3,3,436,5184,0,4896,724,410,10,5622,ashley,436,5184,https://bit.ly/2T74BCM,16,20537,430,6,5159,25,406,4,10,0,14,2,5589,33,430,5159,8,25,438,5184,2434449439,238029.5184,
Chicot,17,17,1007,4926,0,3980,1953,978,22,5934,chicot,1007,4926,https://bit.ly/2T74BCM,7,10826,998,9,4909,17,971,7,21,1,6,1,5907,27,998,4909,10,17,1008,4926,1788307859,280731.9062,
Benton,7,7,6699,72483,0,70143,9039,6233,93,79214,benton,6699,72483,https://bit.ly/2T74BCM,372,258980,6463,236,72039,444,6054,179,76,17,332,40,78502,712,6463,72039,268,444,6731,72483,2289858796,259063.7941,
Carroll,15,15,710,7270,0,5642,2338,609,10,7984,carroll,710,7270,https://bit.ly/2T74BCM,91,27887,700,10,7266,4,603,6,10,0,87,4,7966,18,700,7266,14,4,714,7270,1653084715,212425.4468,
Madison,87,87,365,4072,0,4049,388,334,3,4439,madison,365,4072,Not Applicable,28,16076,350,15,4058,14,324,10,3,0,23,5,4408,31,350,4058,17,14,367,4072,2166601172,215220.1423,
Sebastian,131,131,3812,45323,0,44717,4418,3409,61,49135,sebastian,3812,45323,https://bit.ly/2T74BCM,341,127461,3761,51,45311,12,3378,31,53,8,329,12,49072,63,3761,45311,51,12,3812,45323,1411978553,217534.8996,
Polk,113,113,268,4481,0,3576,1173,249,4,4750,polk,268,4481,https://bit.ly/2T74BCM,15,20163,266,2,4476,5,248,1,4,0,14,1,4742,8,266,4476,3,5,269,4481,2230612446,218300.9017,
Sevier,133,133,1207,6610,0,7298,519,1181,18,7815,sevier,1207,6610,https://bit.ly/2T74BCM,8,17193,1193,14,6553,57,1168,13,18,0,7,1,7746,69,1193,6553,12,57,1205,6610,1504881480,254407.217,
Garland,51,51,1949,30726,0,26255,6420,1722,53,32674,garland,1949,30726,Not Applicable,174,98296,1920,29,30635,91,1705,17,48,5,167,7,32555,119,1920,30635,28,91,1948,30726,1900949403,198708.7968,
Saline,125,125,2130,30668,0,25601,7197,1952,23,32809,saline,2130,30668,Not Applicable,154,118009,2039,91,30208,460,1875,77,21,2,142,12,32247,562,2039,30208,102,460,2141,30668,1890391626,259324.4502,
Franklin,47,47,293,6322,0,5296,1319,250,2,6616,franklin,293,6322,Not Applicable,41,17780,282,11,6313,9,241,9,2,0,39,2,6595,21,282,6313,12,9,294,6322,1604366855,221024.2209,
Scott,127,127,106,2666,0,2466,306,94,1,2772,scott,106,2666,https://bit.ly/2T74BCM,11,10442,105,1,2666,0,94,0,1,0,10,1,2771,1,105,2666,1,0,106,2666,2325588371,235654.492,
Logan,83,83,421,7262,0,6022,1661,390,1,7684,logan,421,7262,Not Applicable,30,21757,420,1,7252,10,389,1,1,0,30,0,7672,12,420,7252,2,10,422,7262,1893020843,260765.966,
Yell,149,149,1259,9930,0,9700,1489,1210,29,11186,yell,1259,9930,Not Applicable,20,21573,1251,8,9882,48,1206,4,26,3,19,1,11133,53,1251,9882,5,48,1256,9930,2456264852,285291.0725,
Montgomery,97,97,155,2241,0,1497,899,132,6,2396,montgomery,155,2241,Not Applicable,17,8993,154,1,2224,17,131,1,6,0,17,0,2378,18,154,2224,1,17,155,2241,2072865932,187272.0306,
Pike,109,109,234,2241,0,2031,444,217,3,2474,pike,234,2241,Not Applicable,14,10808,231,3,2221,20,216,1,2,1,13,1,2452,22,231,2221,2,20,233,2241,1588931950,227895.8304,
Hempstead,57,57,382,4919,0,3992,1309,353,4,5301,hempstead,382,4919,Not Applicable,25,22018,366,16,4894,25,346,7,4,0,16,9,5260,41,366,4894,16,25,382,4919,1918024030,254684.6117,
Drew,43,43,359,5769,0,5177,951,341,7,6131,drew,359,5769,Not Applicable,11,18502,347,12,5720,49,331,10,6,1,10,1,6067,64,347,5720,15,49,362,5769,2164050281,194673.142,
Bradley,11,11,342,3539,0,2560,1321,325,8,3880,bradley,342,3539,Not Applicable,9,10948,340,2,3534,5,324,1,7,1,9,0,3874,6,340,3534,1,5,341,3539,1689743160,251246.7515,
Calhoun,13,13,36,1711,0,1557,190,34,0,1747,calhoun,36,1711,Not Applicable,2,5202,35,1,1706,5,33,1,0,0,2,0,1741,6,35,1706,1,5,36,1711,1636688782,257923.6842,
Ouachita,103,103,269,5607,0,4814,1062,239,6,5881,ouachita,269,5607,Not Applicable,24,24106,261,8,5580,27,233,6,6,0,22,2,5841,40,261,5580,13,27,274,5607,1914451452,288817.2228,
Nevada,99,99,224,3278,0,2794,708,195,13,3498,nevada,224,3278,Not Applicable,16,8440,214,10,3267,11,188,7,12,1,14,2,3481,17,214,3267,6,11,220,3278,1606223502,203918.6023,
Clark,19,19,357,6391,0,5522,1226,315,4,6748,clark,357,6391,Not Applicable,38,22385,341,16,6346,45,304,11,4,0,33,5,6687,61,341,6346,16,45,357,6391,2285025129,305327.4047,
Dallas,39,39,166,1961,0,1544,583,152,5,2127,dallas,166,1961,Not Applicable,9,7432,165,1,1952,9,151,1,5,0,9,0,2117,10,165,1952,1,9,166,1961,1728752981,248335.5817,
Cleveland,25,25,186,2678,0,1869,995,168,12,2864,cleveland,186,2678,Not Applicable,6,8226,183,3,2648,30,166,2,11,1,6,0,2831,33,183,2648,3,30,186,2678,1550112202,191785.2785,
Lincoln,79,79,2025,6805,0,3479,5351,1803,15,8838,lincoln,2025,6805,Not Applicable,207,13695,2016,9,6787,18,1801,2,14,1,201,6,8803,35,2016,6787,17,18,2033,6805,1475144651,200391.1933,
Arkansas,1,1,426,6040,0,5202,1264,354,9,6475,arkansas,426,6040,Not Applicable,63,18124,400,26,5802,238,336,18,8,1,56,7,6202,273,400,5802,35,238,435,6040,2689458657,337890.8217,
Grant,53,53,272,5106,0,4453,925,243,2,5384,grant,272,5106,Not Applicable,27,18086,263,9,5052,54,234,9,2,0,27,0,5315,69,263,5052,15,54,278,5106,1638299261,192015.4316,
Monroe,95,95,135,2249,0,1978,406,112,0,2384,monroe,135,2249,Not Applicable,23,7249,133,2,2235,14,112,0,0,0,21,2,2368,16,133,2235,2,14,135,2249,1608814699,246946.0682,
Lee,77,77,1065,4005,0,2901,2169,1033,18,5071,lee,1065,4005,https://bit.ly/2T74BCM,14,9398,1062,3,4000,5,1031,2,17,1,14,0,5062,9,1062,4000,4,5,1066,4005,1615973757,249884.0358,
Hot Spring,59,59,1921,12956,0,8676,6201,1834,27,14877,hot spring,1921,12956,Not Applicable,60,33520,1911,10,12917,39,1827,7,25,2,59,1,14828,49,1911,12917,10,39,1921,12956,1610166632,219757.2806,
St. Francis,123,123,1542,12275,0,11112,2705,1419,6,13819,saint francis,1542,12275,Not Applicable,117,26294,1542,0,12267,8,1419,0,6,0,117,0,13809,10,1542,12267,2,8,1544,12275,1664523033,200638.765,
Crittenden,35,35,1970,13666,0,13547,2089,1864,46,15626,crittenden,1970,13666,https://bit.ly/2T74BCM,60,49013,1950,20,13658,8,1851,13,39,7,60,0,15608,18,1950,13658,10,8,1960,13666,1653092887,250119.0718,
Cross,37,37,453,4896,0,4517,832,405,13,5344,cross,453,4896,Not Applicable,35,16998,438,15,4873,23,394,11,11,2,33,2,5311,33,438,4873,10,23,448,4896,1612034657,165977.2085,
Woodruff,147,147,55,1699,0,1523,231,46,0,1755,woodruff,55,1699,Not Applicable,9,6660,48,7,1689,10,41,5,0,0,7,2,1737,18,48,1689,8,10,56,1699,1538509114,261925.2861,
White,145,145,898,15645,0,12387,4156,759,29,16557,white,898,15645,Not Applicable,110,78804,811,87,15240,405,693,66,25,4,93,17,16051,506,811,15240,101,405,912,15645,2697526482,339075.6021,
Faulkner,45,45,2566,37279,0,31810,8035,2266,20,39859,faulkner,2566,37279,Not Applicable,280,122416,2466,100,36590,689,2182,84,17,3,267,13,39056,803,2466,36590,114,689,2580,37279,1719292673,220407.9906,
Conway,29,29,273,6359,0,5147,1485,251,3,6632,conway,273,6359,Not Applicable,19,20906,265,8,6289,70,244,7,3,0,18,1,6554,78,265,6289,8,70,273,6359,1466018646,208726.8331,
Newton,101,101,248,1745,0,1453,540,200,19,1988,newton,248,1745,Not Applicable,29,7848,234,14,1744,1,193,7,16,3,25,4,1978,10,234,1744,9,1,243,1745,2130867829,197624.4003,
Pope,115,115,2166,22186,0,21363,2989,2016,33,24343,pope,2166,22186,Not Applicable,117,63644,2142,24,22045,141,2005,11,29,4,108,9,24187,156,2142,22045,15,141,2157,22186,2147891753,215833.1414,
Johnson,71,71,859,7914,0,6363,2410,813,7,8776,johnson,859,7914,Not Applicable,39,26291,852,7,7887,27,812,1,7,0,33,6,8739,37,852,7887,10,27,862,7914,1767434802,208086.2422,
Van Buren,141,141,176,4120,0,3689,607,167,3,4301,van buren,176,4120,Not Applicable,6,16684,173,3,4061,59,164,3,3,0,6,0,4234,67,173,4061,8,59,181,4120,1873571942,202862.1823,
Cleburne,23,23,338,6550,0,6331,557,312,9,6889,cleburne,338,6550,Not Applicable,17,25230,323,15,6460,90,298,14,9,0,16,1,6783,106,323,6460,16,90,339,6550,1532699219,160145.8039,
Poinsett,111,111,675,7662,0,6627,1710,601,14,8333,poinsett,675,7662,Not Applicable,60,24054,659,16,7650,12,591,10,13,1,55,5,8309,24,659,7650,12,12,671,7662,1978621315,195984.2086,
Craighead,31,31,3076,33057,0,32606,3527,2633,22,36140,craighead,3076,33057,https://bit.ly/2T74BCM,420,105701,2987,89,32966,91,2570,63,19,3,397,23,35953,187,2987,32966,96,91,3083,33057,1846141671,203046.9713,
Sharp,135,135,239,3977,0,3531,685,202,6,4214,sharp,239,3977,https://bit.ly/2T74BCM,31,17043,221,18,3969,8,189,13,6,0,26,5,4190,24,221,3969,16,8,237,3977,1570672403,220017.0186,
Izard,65,65,253,3481,0,1881,1853,154,0,3742,izard,253,3481,Not Applicable,99,13559,241,12,3469,12,145,9,0,0,96,3,3710,32,241,3469,20,12,261,3481,1511354353,187594.8391,
Fulton,49,49,177,1310,0,1080,407,125,4,1488,fulton,177,1310,https://bit.ly/2T74BCM,48,12139,159,18,1309,1,115,10,3,1,41,7,1468,20,159,1309,19,1,178,1310,1606270811,180201.7005,
Stone,137,137,365,3388,0,2425,1328,297,13,3756,stone,365,3388,Not Applicable,55,12446,358,7,3376,12,291,6,13,0,54,1,3734,22,358,3376,10,12,368,3388,1577804239,206836.7548,
Boone,9,9,752,10343,0,8994,2101,631,13,11096,boone,752,10343,https://bit.ly/2T74BCM,108,37288,699,53,10328,15,597,34,11,2,91,17,11027,69,699,10328,54,15,753,10343,1557916143,169603.3003,