features__attributes__county_nam,features__attributes__fhwa_numbe,features__attributes__FIPS,features__attributes__positive,features__attributes__negative,features__attributes__pending,features__attributes__lab_prvt,features__attributes__lab_pub,features__attributes__Recoveries,features__attributes__deaths,features__attributes__total_tests,features__attributes__lcase_name,features__attributes__pos_range,features__attributes__neg_range,features__attributes__border_report,features__attributes__active_cases,features__attributes__POP_5YR_EST_2018,features__attributes__confirmed_pos,features__attributes__probable_pos,features__attributes__confirmed_neg,features__attributes__probable_neg,features__attributes__confirmed_recov,features__attributes__probable_recov,features__attributes__confirmed_death,features__attributes__probable_death,features__attributes__confirmed_active,features__attributes__probable_active,features__attributes__pcr_test,features__attributes__antigen_test,features__attributes__pcr_pos_test,features__attributes__pcr_neg_test,features__attributes__antigen_pos_test,features__attributes__antigen_neg_test,features__attributes__total_pos_test,features__attributes__total_neg_test,features__attributes__Shape__Area,features__attributes__Shape__Length,fields__length
Howard,61,61,527,4092,0,3414,1205,488,12,4622,howard,527,4092,Not Applicable,27,13389,488,39,3969,123,458,30,12,0,18,9,4457,165,488,3969,42,123,530,4092,1541631053,247879.8235,50
Pulaski,119,119,10727,154045,0,130534,34238,9654,188,164850,pulaski,10727,154045,Not Applicable,884,393463,10282,445,150209,3836,9312,342,174,14,795,89,160491,4359,10282,150209,523,3836,10805,154045,2089380948,284069.0846,
Lonoke,85,85,1467,24773,0,20054,6186,1300,20,26305,lonoke,1467,24773,Not Applicable,147,72206,1263,204,22444,2329,1130,170,18,2,115,32,23707,2598,1263,22444,269,2329,1532,24773,2079903589,246137.9115,50
Prairie,117,117,185,2642,0,2268,559,164,4,2829,prairie,185,2642,Not Applicable,17,8244,171,14,2422,220,155,9,4,0,12,5,2593,236,171,2422,16,220,187,2642,1748665963,269110.4452,
Desha,41,41,351,4570,0,4191,736,314,7,4921,desha,351,4570,https://bit.ly/2T74BCM,30,11887,341,10,4459,111,308,6,7,0,26,4,4800,121,341,4459,10,111,351,4570,2100180171,393743.7858,
Phillips,107,107,638,7796,0,5745,2689,551,15,8440,phillips,638,7796,https://bit.ly/2T74BCM,72,19034,629,9,7711,85,544,7,15,0,70,2,8340,100,629,7711,15,85,644,7796,1885264368,280421.0166,
Searcy,129,129,169,2723,0,2508,384,154,1,2891,searcy,169,2723,Not Applicable,14,7923,161,8,2668,55,148,6,1,0,12,2,2829,62,161,2668,7,55,168,2723,1729575196,184103.8395,
Independence,63,63,1319,13208,0,12234,2293,1206,33,14538,independence,1319,13208,Not Applicable,80,37264,1109,210,13020,188,1027,179,31,2,51,29,14129,409,1109,13020,221,188,1330,13208,1997479704,228003.5801,
Jackson,67,67,572,7619,0,2332,5859,414,5,8221,jackson,572,7619,Not Applicable,153,17225,428,144,7588,31,309,105,4,1,115,38,8016,205,428,7588,174,31,602,7619,1661121960,241190.8086,
Mississippi,93,93,1918,12833,0,11146,3605,1722,57,14741,mississippi,1918,12833,https://bit.ly/2T74BCM,139,42831,1858,60,12751,82,1687,35,46,11,125,14,14609,132,1858,12751,50,82,1908,12833,2397434695,293377.9244,
Greene,55,55,1149,16573,0,15088,2634,958,15,17728,greene,1149,16573,https://bit.ly/2T74BCM,176,44623,1086,63,16328,245,913,45,15,0,158,18,17414,314,1086,16328,69,245,1155,16573,1501198852,195400.8507,
Clay,21,21,396,5344,0,5149,591,338,11,5741,clay,396,5344,https://bit.ly/2T74BCM,46,15061,374,22,5003,341,323,15,9,2,41,5,5377,364,374,5003,23,341,397,5344,1662039088,230200.8397,50
Randolph,121,121,555,5858,0,5291,1122,461,23,6420,randolph,555,5858,https://bit.ly/2T74BCM,71,17603,464,91,5628,230,409,52,18,5,37,34,6092,328,464,5628,98,230,562,5858,1698810411,217781.913,50
Lawrence,75,75,640,5336,0,4978,998,500,13,5983,lawrence,640,5336,Not Applicable,127,16669,577,63,5232,104,452,48,13,0,112,15,5809,174,577,5232,70,104,647,5336,1533933453,208244.7924,50
Baxter,5,5,490,5133,0,3648,1975,412,5,5626,baxter,490,5133,https://bit.ly/2T74BCM,73,41219,428,62,5004,129,356,56,5,0,67,6,5432,194,428,5004,65,129,493,5133,1518457528,214376.0717,255
Marion,89,89,121,2886,0,2303,704,108,2,3007,marion,121,2886,https://bit.ly/2T74BCM,11,16438,113,8,2813,73,102,6,1,1,10,1,2926,81,113,2813,8,73,121,2886,1657005317,213041.3185,
Perry,105,105,120,3879,0,2768,1231,101,0,3999,perry,120,3879,Not Applicable,19,10322,114,6,3791,88,96,5,0,0,18,1,3905,94,114,3791,6,88,120,3879,1450824198,235691.992,
Jefferson,69,69,3863,35145,0,22476,16533,3392,97,39039,jefferson,3863,35145,Not Applicable,372,70424,3794,69,34779,366,3349,43,92,5,351,21,38573,466,3794,34779,100,366,3894,35145,2370994331,284256.3496,
Washington,143,143,10552,88287,0,83141,15698,9880,129,98904,washington,10552,88287,https://bit.ly/2T74BCM,543,228529,9714,838,84266,4021,9169,711,113,16,432,111,93980,4924,9714,84266,903,4021,10617,88287,2465023834,227692.7397,
Crawford,33,33,1778,24340,0,23037,3081,1569,22,26119,crawford,1778,24340,https://bit.ly/2T74BCM,187,62472,1716,62,24108,232,1522,47,19,3,175,12,25824,295,1716,24108,63,232,1779,24340,1565525966,218076.5686,
Little River,81,81,402,1982,0,1959,425,350,29,2377,little river,402,1982,https://bit.ly/2T74BCM,23,12417,375,27,1934,48,335,15,24,5,16,7,2309,68,375,1934,20,48,395,1982,1458314114,321191.7141,
Miller,91,91,1067,7197,0,5694,2570,930,13,8265,miller,1067,7197,https://bit.ly/2T74BCM,124,43759,956,111,7069,128,844,86,11,2,101,23,8025,240,956,7069,112,128,1068,7197,1651886724,278617.0229,
Lafayette,73,73,141,1264,0,1083,322,122,3,1407,lafayette,141,1264,https://bit.ly/2T74BCM,16,6915,130,11,1254,10,114,8,3,0,13,3,1384,23,130,1254,13,10,143,1264,1413353783,240091.9904,
Columbia,27,27,622,6125,0,4919,1828,550,19,6760,columbia,622,6125,https://bit.ly/2T74BCM,53,23892,559,63,6015,110,495,55,19,0,45,8,6574,186,559,6015,76,110,635,6125,1984584461,189842.9835,
Union,139,139,1028,10481,0,9095,2421,944,47,11514,union,1028,10481,https://bit.ly/2T74BCM,37,39732,949,79,10111,370,886,58,42,5,21,16,11060,454,949,10111,84,370,1033,10481,2731252909,302655.9319,
Ashley,3,3,488,5801,0,5472,817,442,12,6292,ashley,488,5801,https://bit.ly/2T74BCM,34,20537,474,14,5683,118,436,6,12,0,26,8,6157,135,474,5683,17,118,491,5801,2434449439,238029.5184,
Chicot,17,17,1022,5509,0,4516,2015,992,22,6534,chicot,1022,5509,https://bit.ly/2T74BCM,8,10826,1012,10,5405,104,983,9,21,1,8,0,6417,117,1012,5405,13,104,1025,5509,1788307859,280731.9062,
Benton,7,7,7348,81075,0,78616,9808,6864,102,88470,benton,7348,81075,https://bit.ly/2T74BCM,381,258980,6940,408,79807,1268,6546,318,86,16,307,74,86747,1723,6940,79807,455,1268,7395,81075,2289858796,259063.7941,
Carroll,15,15,893,8134,0,6282,2745,750,12,9034,carroll,893,8134,https://bit.ly/2T74BCM,131,27887,868,25,8070,64,736,14,12,0,120,11,8938,96,868,8070,32,64,900,8134,1653084715,212425.4468,
Madison,87,87,404,4682,0,4599,487,372,6,5087,madison,404,4682,Not Applicable,26,16076,376,28,4581,101,355,17,6,0,15,11,4957,130,376,4581,29,101,405,4682,2166601172,215220.1423,
Sebastian,131,131,4366,54448,0,54143,4671,3977,81,58820,sebastian,4366,54448,https://bit.ly/2T74BCM,307,127461,4246,120,54092,356,3897,80,73,8,275,32,58338,482,4246,54092,126,356,4372,54448,1411978553,217534.8996,
Polk,113,113,319,5192,0,4165,1346,278,4,5513,polk,319,5192,https://bit.ly/2T74BCM,37,20163,313,6,5138,54,276,2,4,0,33,4,5451,62,313,5138,8,54,321,5192,2230612446,218300.9017,
Sevier,133,133,1240,6972,0,7660,552,1200,19,8209,sevier,1240,6972,https://bit.ly/2T74BCM,21,17193,1206,34,6842,130,1179,21,19,0,8,13,8048,161,1206,6842,31,130,1237,6972,1504881480,254407.217,
Garland,51,51,2167,35852,0,29089,8931,1976,57,38021,garland,2167,35852,Not Applicable,134,98296,2121,46,35322,530,1946,30,52,5,123,11,37443,578,2121,35322,48,530,2169,35852,1900949403,198708.7968,
Saline,125,125,2487,36600,0,30698,8389,2225,27,39107,saline,2487,36600,Not Applicable,234,118009,2346,141,35398,1202,2115,110,25,2,205,29,37744,1363,2346,35398,161,1202,2507,36600,1890391626,259324.4502,
Franklin,47,47,426,7553,0,6429,1550,329,2,7981,franklin,426,7553,Not Applicable,95,17780,405,21,7463,90,315,14,2,0,88,7,7868,113,405,7463,23,90,428,7553,1604366855,221024.2209,
Scott,127,127,132,3369,0,3125,376,114,1,3501,scott,132,3369,https://bit.ly/2T74BCM,17,10442,129,3,3341,28,112,2,1,0,16,1,3470,31,129,3341,3,28,132,3369,2325588371,235654.492,
Logan,83,83,516,8439,0,7130,1825,445,2,8956,logan,516,8439,Not Applicable,69,21757,510,6,8378,61,442,3,2,0,66,3,8888,68,510,8378,7,61,517,8439,1893020843,260765.966,
Yell,149,149,1299,11797,0,11560,1536,1243,30,13094,yell,1299,11797,Not Applicable,26,21573,1289,10,11694,103,1237,6,27,3,25,1,12983,111,1289,11694,8,103,1297,11797,2456264852,285291.0725,
Montgomery,97,97,175,2494,0,1701,968,159,8,2668,montgomery,175,2494,Not Applicable,8,8993,172,3,2460,34,156,3,8,0,8,0,2632,36,172,2460,2,34,174,2494,2072865932,187272.0306,
Pike,109,109,251,2580,0,2334,497,238,3,2829,pike,251,2580,Not Applicable,10,10808,245,6,2503,77,233,5,2,1,10,0,2748,81,245,2503,4,77,249,2580,1588931950,227895.8304,
Hempstead,57,57,480,5850,0,4714,1616,410,5,6340,hempstead,480,5850,Not Applicable,65,22018,444,36,5759,91,387,23,5,0,52,13,6203,137,444,5759,46,91,490,5850,1918024030,254684.6117,
Drew,43,43,381,6667,0,6013,1035,356,7,7052,drew,381,6667,Not Applicable,18,18502,366,15,6416,251,344,12,6,1,16,2,6782,270,366,6416,19,251,385,6667,2164050281,194673.142,
Bradley,11,11,350,3816,0,2797,1369,335,8,4165,bradley,350,3816,Not Applicable,7,10948,348,2,3788,28,334,1,7,1,7,0,4136,29,348,3788,1,28,349,3816,1689743160,251246.7515,
Calhoun,13,13,39,1854,0,1681,212,36,0,1893,calhoun,39,1854,Not Applicable,3,5202,38,1,1835,19,35,1,0,0,3,0,1873,20,38,1835,1,19,39,1854,1636688782,257923.6842,
Ouachita,103,103,307,6778,0,5951,1134,273,7,7092,ouachita,307,6778,Not Applicable,27,24106,298,9,6644,134,264,9,7,0,27,0,6942,150,298,6644,16,134,314,6778,1914451452,288817.2228,
Nevada,99,99,257,3974,0,3253,978,217,14,4228,nevada,257,3974,Not Applicable,26,8440,241,16,3921,53,205,12,13,1,23,3,4162,66,241,3921,13,53,254,3974,1606223502,203918.6023,
Clark,19,19,437,7804,0,6914,1327,388,5,8245,clark,437,7804,Not Applicable,44,22385,401,36,7466,338,361,27,5,0,35,9,7867,378,401,7466,40,338,441,7804,2285025129,305327.4047,
Dallas,39,39,178,2429,0,1960,647,165,5,2607,dallas,178,2429,Not Applicable,8,7432,176,2,2400,29,163,2,5,0,8,0,2576,31,176,2400,2,29,178,2429,1728752981,248335.5817,
Cleveland,25,25,198,3220,0,2090,1328,182,12,3418,cleveland,198,3220,Not Applicable,4,8226,193,5,3161,59,178,4,11,1,4,0,3354,64,193,3161,5,59,198,3220,1550112202,191785.2785,
Lincoln,79,79,2157,8284,0,4448,5993,2023,17,10450,lincoln,2157,8284,Not Applicable,117,13695,2146,11,8196,88,2014,9,16,1,116,1,10342,108,2146,8196,20,88,2166,8284,1475144651,200391.1933,
Arkansas,1,1,578,7594,0,6699,1474,444,11,8191,arkansas,578,7594,Not Applicable,123,18124,519,59,6785,809,409,35,11,0,99,24,7304,887,519,6785,78,809,597,7594,2689458657,337890.8217,
Grant,53,53,324,6107,0,5256,1175,273,4,6437,grant,324,6107,Not Applicable,47,18086,301,23,5835,272,262,11,4,0,35,12,6136,301,301,5835,29,272,330,6107,1638299261,192015.4316,
Monroe,95,95,187,2672,0,2359,500,145,0,2859,monroe,187,2672,Not Applicable,42,7249,179,8,2625,47,142,3,0,0,37,5,2804,55,179,2625,8,47,187,2672,1608814699,246946.0682,
Lee,77,77,1093,4745,0,3576,2262,1058,18,5839,lee,1093,4745,https://bit.ly/2T74BCM,17,9398,1089,4,4727,18,1055,3,17,1,17,0,5816,23,1089,4727,5,18,1094,4745,1615973757,249884.0358,
Hot Spring,59,59,2066,15485,0,10480,7071,1920,30,17554,hot spring,2066,15485,Not Applicable,116,33520,2050,16,15296,189,1911,9,28,2,111,5,17346,208,2050,15296,19,189,2069,15485,1610166632,219757.2806,
St. Francis,123,123,1634,13196,0,11854,2976,1553,9,14832,saint francis,1634,13196,Not Applicable,72,26294,1623,11,13150,46,1548,5,9,0,66,6,14773,59,1623,13150,13,46,1636,13196,1664523033,200638.765,
Crittenden,35,35,2098,15307,0,15131,2274,1975,51,17397,crittenden,2098,15307,https://bit.ly/2T74BCM,72,49013,2069,29,15241,66,1958,17,44,7,67,5,17310,87,2069,15241,21,66,2090,15307,1653092887,250119.0718,
Cross,37,37,518,5553,0,5179,892,467,19,6068,cross,518,5553,Not Applicable,32,16998,486,32,5470,83,442,25,17,2,27,5,5956,112,486,5470,29,83,515,5553,1612034657,165977.2085,
Woodruff,147,147,74,1895,0,1692,277,66,0,1970,woodruff,74,1895,Not Applicable,8,6660,66,8,1860,35,58,8,0,0,8,0,1926,44,66,1860,9,35,75,1895,1538509114,261925.2861,
White,145,145,1185,19312,0,15065,5432,971,32,20511,white,1185,19312,Not Applicable,182,78804,1015,170,17992,1320,853,118,27,5,135,47,19007,1504,1015,17992,184,1320,1199,19312,2697526482,339075.6021,
Faulkner,45,45,2991,44914,0,37816,10089,2696,27,47921,faulkner,2991,44914,Not Applicable,268,122416,2838,153,43673,1241,2571,125,23,4,244,24,46511,1410,2838,43673,169,1241,3007,44914,1719292673,220407.9906,
Conway,29,29,318,7438,0,5999,1757,287,3,7754,conway,318,7438,Not Applicable,28,20906,300,18,7236,202,275,12,3,0,22,6,7536,218,300,7236,16,202,316,7438,1466018646,208726.8331,
Newton,101,101,278,2086,0,1753,611,239,19,2359,newton,278,2086,Not Applicable,20,7848,259,19,1936,150,226,13,16,3,17,3,2195,164,259,1936,14,150,273,2086,2130867829,197624.4003,
Pope,115,115,2450,26250,0,25335,3365,2227,36,28695,pope,2450,26250,Not Applicable,187,63644,2369,81,25928,322,2184,43,32,4,153,34,28297,398,2369,25928,76,322,2445,26250,2147891753,215833.1414,
Johnson,71,71,925,8954,0,7232,2647,881,9,9883,johnson,925,8954,Not Applicable,35,26291,915,10,8816,138,873,8,9,0,33,2,9731,152,915,8816,14,138,929,8954,1767434802,208086.2422,
Van Buren,141,141,191,5000,0,4516,675,178,3,5197,van buren,191,5000,Not Applicable,10,16684,186,5,4836,164,175,3,3,0,8,2,5022,175,186,4836,11,164,197,5000,1873571942,202862.1823,
Cleburne,23,23,399,7819,0,7573,645,349,14,8224,cleburne,399,7819,Not Applicable,36,25230,364,35,7483,336,327,22,14,0,23,13,7847,377,364,7483,41,336,405,7819,1532699219,160145.8039,
Poinsett,111,111,850,9974,0,8881,1943,722,15,10830,poinsett,850,9974,Not Applicable,113,24054,809,41,9920,54,690,32,14,1,105,8,10729,101,809,9920,47,54,856,9974,1978621315,195984.2086,
Craighead,31,31,3774,41177,0,39463,5488,3253,32,44975,craighead,3774,41177,https://bit.ly/2T74BCM,488,105701,3626,148,40483,694,3151,102,29,3,445,43,44109,866,3626,40483,172,694,3798,41177,1846141671,203046.9713,
Sharp,135,135,286,4923,0,4445,764,245,9,5207,sharp,286,4923,https://bit.ly/2T74BCM,32,17043,254,32,4786,137,223,22,9,0,22,10,5040,167,254,4786,30,137,284,4923,1570672403,220017.0186,
Izard,65,65,356,4121,0,2325,2152,276,1,4485,izard,356,4121,Not Applicable,79,13559,329,27,4075,46,258,18,1,0,70,9,4404,81,329,4075,35,46,364,4121,1511354353,187594.8391,
Fulton,49,49,242,2236,0,1964,514,196,8,2482,fulton,242,2236,https://bit.ly/2T74BCM,38,12139,211,31,1983,253,175,21,7,1,29,9,2194,288,211,1983,35,253,246,2236,1606270811,180201.7005,
Stone,137,137,388,3844,0,2811,1421,356,19,4235,stone,388,3844,Not Applicable,13,12446,376,12,3794,50,348,8,19,0,9,4,4170,65,376,3794,15,50,391,3844,1577804239,206836.7548,
Boone,9,9,899,12600,0,11242,2257,786,27,13503,boone,899,12600,https://bit.ly/2T74BCM,86,37288,812,87,12481,119,715,71,25,2,72,14,13293,210,812,12481,91,119,903,12600,1557916143,169603.3003,