features__attributes__county_nam,features__attributes__fhwa_numbe,features__attributes__FIPS,features__attributes__positive,features__attributes__negative,features__attributes__pending,features__attributes__lab_prvt,features__attributes__lab_pub,features__attributes__Recoveries,features__attributes__deaths,features__attributes__total_tests,features__attributes__lcase_name,features__attributes__pos_range,features__attributes__neg_range,features__attributes__border_report,features__attributes__active_cases,features__attributes__POP_5YR_EST_2018,features__attributes__confirmed_pos,features__attributes__probable_pos,features__attributes__confirmed_neg,features__attributes__probable_neg,features__attributes__confirmed_recov,features__attributes__probable_recov,features__attributes__confirmed_death,features__attributes__probable_death,features__attributes__confirmed_active,features__attributes__probable_active,features__attributes__pcr_test,features__attributes__antigen_test,features__attributes__pcr_pos_test,features__attributes__pcr_neg_test,features__attributes__antigen_pos_test,features__attributes__antigen_neg_test,features__attributes__total_pos_test,features__attributes__total_neg_test,features__attributes__Shape__Area,features__attributes__Shape__Length,fields__length
Howard,61,61,702,4825,0,4116,1411,615,15,5538,howard,702,4825,Not Applicable,72,13389,601,101,4368,457,542,73,15,0,44,28,4969,569,601,4368,112,457,713,4825,1541631053,247879.8235,50
Pulaski,119,119,13855,193284,0,158981,48239,12247,234,207342,pulaski,13855,193284,Not Applicable,1372,393463,12951,904,185299,7985,11572,675,219,15,1158,214,198250,9092,12951,185299,1107,7985,14058,193284,2089380948,284069.0846,
Lonoke,85,85,2180,31634,0,25267,8549,1863,36,33917,lonoke,2180,31634,Not Applicable,281,72206,1746,434,27770,3864,1510,353,34,2,202,79,29516,4401,1746,27770,537,3864,2283,31634,2079903589,246137.9115,50
Prairie,117,117,308,3443,0,2969,783,244,5,3764,prairie,308,3443,Not Applicable,59,8244,257,51,3077,366,206,38,5,0,46,13,3334,430,257,3077,64,366,321,3443,1748665963,269110.4452,
Desha,41,41,469,5562,0,5124,915,422,8,6044,desha,469,5562,https://bit.ly/2T74BCM,39,11887,438,31,5304,258,399,23,7,1,32,7,5742,302,438,5304,44,258,482,5562,2100180171,393743.7858,
Phillips,107,107,825,9592,0,7362,3055,769,16,10438,phillips,825,9592,https://bit.ly/2T74BCM,40,19034,801,24,9383,209,748,21,16,0,37,3,10184,254,801,9383,45,209,846,9592,1885264368,280421.0166,
Searcy,129,129,241,3543,0,3309,475,216,1,3783,searcy,241,3543,Not Applicable,24,7923,215,26,3177,366,199,17,1,0,15,9,3392,391,215,3177,25,366,240,3543,1729575196,184103.8395,
Independence,63,63,1795,16958,0,16061,2692,1484,68,18791,independence,1795,16958,Not Applicable,243,37264,1431,364,16205,753,1204,280,58,10,169,74,17636,1155,1431,16205,402,753,1833,16958,1997479704,228003.5801,
Jackson,67,67,1136,11489,0,4099,8526,816,6,12692,jackson,1136,11489,Not Applicable,314,17225,891,245,10905,584,603,213,5,1,283,31,11796,896,891,10905,312,584,1203,11489,1661121960,241190.8086,
Mississippi,93,93,2732,16445,0,14562,4619,2361,73,19176,mississippi,2732,16445,https://bit.ly/2T74BCM,297,42831,2542,190,15448,997,2238,123,60,13,243,54,17990,1186,2542,15448,189,997,2731,16445,2397434695,293377.9244,
Greene,55,55,2067,22638,0,21407,3298,1679,24,24742,greene,2067,22638,https://bit.ly/2T74BCM,364,44623,1751,316,20788,1850,1477,202,22,2,252,112,22539,2203,1751,20788,353,1850,2104,22638,1501198852,195400.8507,
Clay,21,21,609,7289,0,7138,760,503,17,7910,clay,609,7289,https://bit.ly/2T74BCM,88,15061,530,79,6202,1087,458,45,14,3,57,31,6732,1178,530,6202,91,1087,621,7289,1662039088,230200.8397,50
Randolph,121,121,799,8095,0,7311,1583,679,27,8923,randolph,799,8095,https://bit.ly/2T74BCM,93,17603,632,167,7304,791,527,152,21,6,84,9,7936,987,632,7304,196,791,828,8095,1698810411,217781.913,50
Lawrence,75,75,986,6972,0,6767,1191,872,25,7976,lawrence,986,6972,Not Applicable,89,16669,869,117,6659,313,776,96,25,0,68,21,7528,448,869,6659,135,313,1004,6972,1533933453,208244.7924,50
Baxter,5,5,1016,8056,0,6535,2539,788,16,9084,baxter,1016,8056,https://bit.ly/2T74BCM,212,41219,812,204,7381,675,642,146,16,0,154,58,8193,891,812,7381,216,675,1028,8056,1518457528,214376.0717,255
Marion,89,89,246,4131,0,3443,934,179,2,4382,marion,246,4131,https://bit.ly/2T74BCM,65,16438,211,35,3828,303,156,23,1,1,54,11,4039,343,211,3828,40,303,251,4131,1657005317,213041.3185,
Perry,105,105,192,5411,0,3402,2203,154,3,5609,perry,192,5411,Not Applicable,35,10322,176,16,5208,203,144,10,3,0,29,6,5384,225,176,5208,22,203,198,5411,1450824198,235691.992,
Jefferson,69,69,4679,44522,0,26918,22286,4194,103,49310,jefferson,4679,44522,Not Applicable,380,70424,4437,242,43666,856,4058,136,98,5,279,101,48103,1207,4437,43666,351,856,4788,44522,2370994331,284256.3496,
Washington,143,143,13049,110783,0,105417,18430,11792,162,124003,washington,13049,110783,https://bit.ly/2T74BCM,1094,228529,11378,1671,102578,8205,10566,1226,144,18,668,426,113956,10047,11378,102578,1842,8205,13220,110783,2465023834,227692.7397,
Crawford,33,33,2519,31803,0,29935,4391,2176,33,34332,crawford,2519,31803,https://bit.ly/2T74BCM,310,62472,2318,201,31262,541,2045,131,31,2,242,68,33580,752,2318,31262,211,541,2529,31803,1565525966,218076.5686,
Little River,81,81,536,2699,0,2693,542,464,39,3232,little river,536,2699,https://bit.ly/2T74BCM,33,12417,464,72,2513,186,413,51,34,5,17,16,2977,255,464,2513,69,186,533,2699,1458314114,321191.7141,
Miller,91,91,1850,9832,0,8015,3668,1637,22,11719,miller,1850,9832,https://bit.ly/2T74BCM,191,43759,1454,396,9337,495,1319,318,16,6,119,72,10791,928,1454,9337,433,495,1887,9832,1651886724,278617.0229,
Lafayette,73,73,227,1668,0,1435,460,191,3,1906,lafayette,227,1668,https://bit.ly/2T74BCM,33,6915,190,37,1595,73,162,29,3,0,25,8,1785,121,190,1595,48,73,238,1668,1413353783,240091.9904,
Columbia,27,27,839,8199,0,6864,2175,744,22,9071,columbia,839,8199,https://bit.ly/2T74BCM,73,23892,682,157,7352,847,622,122,22,0,38,35,8034,1037,682,7352,190,847,872,8199,1984584461,189842.9835,
Union,139,139,1302,13019,0,11710,2646,1165,54,14345,union,1302,13019,https://bit.ly/2T74BCM,83,39732,1136,166,11544,1475,1028,137,47,7,61,22,12680,1665,1136,11544,190,1475,1326,13019,2731252909,302655.9319,
Ashley,3,3,643,7230,0,6836,1037,562,13,7886,ashley,643,7230,https://bit.ly/2T74BCM,68,20537,599,44,6942,288,531,31,13,0,55,13,7541,345,599,6942,57,288,656,7230,2434449439,238029.5184,
Chicot,17,17,1073,6468,0,5426,2115,1034,24,7546,chicot,1073,6468,https://bit.ly/2T74BCM,15,10826,1056,17,6140,328,1018,16,23,1,15,0,7196,350,1056,6140,22,328,1078,6468,1788307859,280731.9062,
Benton,7,7,9977,98624,0,96332,12274,8595,133,108740,benton,9977,98624,https://bit.ly/2T74BCM,1248,258980,8733,1244,95118,3506,7771,824,116,17,845,403,103851,4889,8733,95118,1383,3506,10116,98624,2289858796,259063.7941,
Carroll,15,15,1141,10020,0,7631,3531,1031,20,11173,carroll,1141,10020,https://bit.ly/2T74BCM,90,27887,1081,60,9894,126,986,45,20,0,75,15,10975,198,1081,9894,72,126,1153,10020,1653084715,212425.4468,
Madison,87,87,507,5991,0,5854,646,441,6,6504,madison,507,5991,Not Applicable,60,16076,462,45,5737,254,409,32,6,0,47,13,6199,305,462,5737,51,254,513,5991,2166601172,215220.1423,
Sebastian,131,131,5887,70796,0,70980,5703,5028,110,76710,sebastian,5887,70796,https://bit.ly/2T74BCM,747,127461,5470,417,69829,967,4777,251,102,8,589,158,75299,1411,5470,69829,444,967,5914,70796,1411978553,217534.8996,
Polk,113,113,507,6476,0,5317,1666,382,5,6989,polk,507,6476,https://bit.ly/2T74BCM,120,20163,468,39,6234,242,366,16,5,0,97,23,6702,287,468,6234,45,242,513,6476,2230612446,218300.9017,
Sevier,133,133,1545,8223,0,8946,823,1419,16,9782,sevier,1545,8223,https://bit.ly/2T74BCM,110,17193,1318,227,7537,686,1261,158,16,0,41,69,8855,927,1318,7537,241,686,1559,8223,1504881480,254407.217,
Garland,51,51,3053,44409,0,33600,13863,2625,82,47489,garland,3053,44409,Not Applicable,346,98296,2865,188,43023,1386,2505,120,77,5,283,63,45888,1601,2865,43023,215,1386,3080,44409,1900949403,198708.7968,
Saline,125,125,3648,46905,0,39985,10579,3050,44,50645,saline,3648,46905,Not Applicable,553,118009,3138,510,42984,3921,2744,306,42,2,351,202,46122,4523,3138,42984,602,3921,3740,46905,1890391626,259324.4502,
Franklin,47,47,644,9855,0,8543,1956,565,4,10519,franklin,644,9855,Not Applicable,75,17780,576,68,9613,242,513,52,4,0,59,16,10189,330,576,9613,88,242,664,9855,1604366855,221024.2209,
Scott,127,127,287,5038,0,4674,651,231,2,5328,scott,287,5038,https://bit.ly/2T74BCM,54,10442,241,46,4919,119,209,22,2,0,30,24,5160,168,241,4919,49,119,290,5038,2325588371,235654.492,
Logan,83,83,696,11396,0,9800,2292,612,5,12102,logan,696,11396,Not Applicable,79,21757,655,41,10641,755,588,24,5,0,62,17,11296,806,655,10641,51,755,706,11396,1893020843,260765.966,
Yell,149,149,1463,15151,0,14907,1707,1333,33,16616,yell,1463,15151,Not Applicable,97,21573,1417,46,14881,270,1318,15,30,3,69,28,16298,318,1417,14881,48,270,1465,15151,2456264852,285291.0725,
Montgomery,97,97,208,3222,0,2319,1111,182,9,3431,montgomery,208,3222,Not Applicable,17,8993,202,6,2801,421,179,3,9,0,14,3,3003,428,202,2801,7,421,209,3222,2072865932,187272.0306,
Pike,109,109,307,3123,0,2825,605,282,1,3429,pike,307,3123,Not Applicable,24,10808,286,21,2929,194,270,12,0,1,16,8,3215,214,286,2929,20,194,306,3123,1588931950,227895.8304,
Hempstead,57,57,699,7667,0,6440,1926,610,5,8385,hempstead,699,7667,Not Applicable,84,22018,601,98,7388,279,542,68,5,0,54,30,7989,396,601,7388,117,279,718,7667,1918024030,254684.6117,
Drew,43,43,488,8557,0,7703,1342,440,7,9051,drew,488,8557,Not Applicable,41,18502,448,40,7692,865,412,28,6,1,30,11,8140,911,448,7692,46,865,494,8557,2164050281,194673.142,
Bradley,11,11,390,5059,0,3944,1505,366,8,5450,bradley,390,5059,Not Applicable,16,10948,371,19,4207,852,356,10,7,1,8,8,4578,872,371,4207,20,852,391,5059,1689743160,251246.7515,
Calhoun,13,13,95,2097,0,1930,262,61,0,2194,calhoun,95,2097,Not Applicable,34,5202,84,11,2036,61,55,6,0,0,29,5,2120,74,84,2036,13,61,97,2097,1636688782,257923.6842,
Ouachita,103,103,465,8161,0,7363,1263,394,9,8641,ouachita,465,8161,Not Applicable,61,24106,435,30,7872,289,373,21,9,0,52,9,8307,334,435,7872,45,289,480,8161,1914451452,288817.2228,
Nevada,99,99,378,5472,0,4519,1331,318,14,5851,nevada,378,5472,Not Applicable,46,8440,341,37,5323,149,287,31,13,1,41,5,5664,187,341,5323,38,149,379,5472,1606223502,203918.6023,
Clark,19,19,648,10846,0,9698,1796,536,6,11518,clark,648,10846,Not Applicable,106,22385,563,85,9732,1114,476,60,6,0,81,25,10295,1223,563,9732,109,1114,672,10846,2285025129,305327.4047,
Dallas,39,39,211,3034,0,2508,737,184,6,3246,dallas,211,3034,Not Applicable,21,7432,207,4,2945,89,181,3,6,0,20,1,3152,94,207,2945,5,89,212,3034,1728752981,248335.5817,
Cleveland,25,25,286,4231,0,2597,1920,248,13,4523,cleveland,286,4231,Not Applicable,25,8226,247,39,4081,150,221,27,12,1,14,11,4328,195,247,4081,45,150,292,4231,1550112202,191785.2785,
Lincoln,79,79,2363,10212,0,4975,7600,2318,18,12587,lincoln,2363,10212,Not Applicable,27,13695,2334,29,10065,147,2294,24,17,1,23,4,12399,188,2334,10065,41,147,2375,10212,1475144651,200391.1933,
Arkansas,1,1,807,10558,0,9545,1823,698,20,11405,arkansas,807,10558,Not Applicable,89,18124,672,135,8428,2130,602,96,20,0,50,39,9100,2305,672,8428,175,2130,847,10558,2689458657,337890.8217,
Grant,53,53,434,7635,0,6442,1628,379,4,8079,grant,434,7635,Not Applicable,51,18086,386,48,7048,587,345,34,4,0,37,14,7434,645,386,7048,58,587,444,7635,1638299261,192015.4316,
Monroe,95,95,260,3432,0,3061,631,225,4,3695,monroe,260,3432,Not Applicable,31,7249,244,16,3337,95,211,14,4,0,29,2,3581,114,244,3337,19,95,263,3432,1608814699,246946.0682,
Lee,77,77,1129,5479,0,4215,2394,1093,18,6612,lee,1129,5479,https://bit.ly/2T74BCM,18,9398,1119,10,5420,59,1088,5,17,1,14,4,6539,73,1119,5420,14,59,1133,5479,1615973757,249884.0358,
Hot Spring,59,59,2522,20067,0,13299,9291,2225,39,22603,hot spring,2522,20067,Not Applicable,258,33520,2461,61,19190,877,2194,31,37,2,230,28,21651,952,2461,19190,75,877,2536,20067,1610166632,219757.2806,
St. Francis,123,123,1884,15560,0,14032,3412,1791,11,17455,saint francis,1884,15560,Not Applicable,82,26294,1844,40,15422,138,1757,34,11,0,76,6,17266,189,1844,15422,51,138,1895,15560,1664523033,200638.765,
Crittenden,35,35,2815,18786,0,18798,2803,2510,53,21612,crittenden,2815,18786,https://bit.ly/2T74BCM,251,49013,2691,124,18401,385,2426,84,46,7,218,33,21092,520,2691,18401,135,385,2826,18786,1653092887,250119.0718,
Cross,37,37,653,7267,0,6906,1014,594,24,7923,cross,653,7267,Not Applicable,35,16998,581,72,6971,296,532,62,22,2,27,8,7552,371,581,6971,75,296,656,7267,1612034657,165977.2085,
Woodruff,147,147,160,2609,0,2315,454,136,0,2773,woodruff,160,2609,Not Applicable,24,6660,136,24,2495,114,117,19,0,0,19,5,2631,142,136,2495,28,114,164,2609,1538509114,261925.2861,
White,145,145,2122,25435,0,19608,7949,1630,41,27616,white,2122,25435,Not Applicable,451,78804,1711,411,22506,2929,1372,258,36,5,303,148,24217,3399,1711,22506,470,2929,2181,25435,2697526482,339075.6021,
Faulkner,45,45,3942,56132,0,46814,13264,3495,44,60138,faulkner,3942,56132,Not Applicable,403,122416,3567,375,52649,3483,3225,270,38,6,304,99,56216,3922,3567,52649,439,3483,4006,56132,1719292673,220407.9906,
Conway,29,29,453,9240,0,7350,2343,361,5,9697,conway,453,9240,Not Applicable,87,20906,421,32,8804,436,337,24,5,0,79,8,9225,472,421,8804,36,436,457,9240,1466018646,208726.8331,
Newton,101,101,360,2947,0,2577,730,311,21,3302,newton,360,2947,Not Applicable,28,7848,325,35,2351,596,283,28,18,3,24,4,2676,626,325,2351,30,596,355,2947,2130867829,197624.4003,
Pope,115,115,3074,33421,0,32452,4044,2815,39,36510,pope,3074,33421,Not Applicable,220,63644,2809,265,32461,960,2628,187,35,4,146,74,35270,1240,2809,32461,280,960,3089,33421,2147891753,215833.1414,
Johnson,71,71,1112,11458,0,9336,3234,1049,11,12579,johnson,1112,11458,Not Applicable,52,26291,1057,55,11117,341,1006,43,10,1,41,11,12174,405,1057,11117,64,341,1121,11458,1767434802,208086.2422,
Van Buren,141,141,258,6232,0,5641,849,230,3,6504,van buren,258,6232,Not Applicable,25,16684,243,15,5824,408,219,11,3,0,21,4,6067,437,243,5824,29,408,272,6232,1873571942,202862.1823,
Cleburne,23,23,570,10096,0,9863,803,492,18,10673,cleburne,570,10096,Not Applicable,60,25230,484,86,9155,941,431,61,18,0,35,25,9639,1034,484,9155,93,941,577,10096,1532699219,160145.8039,
Poinsett,111,111,1414,13341,0,12406,2349,1167,32,14792,poinsett,1414,13341,Not Applicable,215,24054,1290,124,12921,420,1078,89,30,2,182,33,14211,581,1290,12921,161,420,1451,13341,1978621315,195984.2086,
Craighead,31,31,5766,55341,0,54440,6670,4910,59,61204,craighead,5766,55341,https://bit.ly/2T74BCM,796,105701,5302,464,51000,4341,4590,320,55,4,656,140,56302,4902,5302,51000,561,4341,5863,55341,1846141671,203046.9713,
Sharp,135,135,482,6957,0,6438,1001,370,13,7449,sharp,482,6957,https://bit.ly/2T74BCM,99,17043,384,98,6473,484,307,63,13,0,64,35,6857,592,384,6473,108,484,492,6957,1570672403,220017.0186,
Izard,65,65,862,6615,0,4245,3232,633,4,7489,izard,862,6615,Not Applicable,225,13559,797,65,6078,537,585,48,4,0,208,17,6875,614,797,6078,77,537,874,6615,1511354353,187594.8391,
Fulton,49,49,415,3192,0,2852,755,339,12,3619,fulton,415,3192,https://bit.ly/2T74BCM,64,12139,329,86,2640,552,290,49,10,2,29,35,2969,650,329,2640,98,552,427,3192,1606270811,180201.7005,
Stone,137,137,423,4705,0,3572,1556,389,22,5133,stone,423,4705,Not Applicable,12,12446,405,18,4501,204,372,17,22,0,11,1,4906,227,405,4501,23,204,428,4705,1577804239,206836.7548,
Boone,9,9,1308,16196,0,14867,2637,1080,40,17541,boone,1308,16196,https://bit.ly/2T74BCM,188,37288,1138,170,15810,386,952,128,38,2,148,40,16948,593,1138,15810,207,386,1345,16196,1557916143,169603.3003,